episode,epoch,cloud_remaining_units,agent0_comp_units,agent0_channel_quality,agent0_remain_epochs,agent0_power,agent0_action,agent0_reward,agent0_mec_comp_unit_0,agent0_mec_comp_unit_1,agent0_mec_comp_unit_2,agent0_mec_comp_unit_3,agent0_mec_comp_unit_4,agent0_mec_comp_unit_5,agent0_mec_comp_unit_6,agent0_mec_comp_unit_7,agent0_mec_comp_unit_8,agent0_mec_comp_unit_9,agent1_comp_units,agent1_channel_quality,agent1_remain_epochs,agent1_power,agent1_action,agent1_reward,agent1_mec_comp_unit_0,agent1_mec_comp_unit_1,agent1_mec_comp_unit_2,agent1_mec_comp_unit_3,agent1_mec_comp_unit_4,agent1_mec_comp_unit_5,agent1_mec_comp_unit_6,agent1_mec_comp_unit_7,agent1_mec_comp_unit_8,agent1_mec_comp_unit_9,agent2_comp_units,agent2_channel_quality,agent2_remain_epochs,agent2_power,agent2_action,agent2_reward,agent2_mec_comp_unit_0,agent2_mec_comp_unit_1,agent2_mec_comp_unit_2,agent2_mec_comp_unit_3,agent2_mec_comp_unit_4,agent2_mec_comp_unit_5,agent2_mec_comp_unit_6,agent2_mec_comp_unit_7,agent2_mec_comp_unit_8,agent2_mec_comp_unit_9,agent3_comp_units,agent3_channel_quality,agent3_remain_epochs,agent3_power,agent3_action,agent3_reward,agent3_mec_comp_unit_0,agent3_mec_comp_unit_1,agent3_mec_comp_unit_2,agent3_mec_comp_unit_3,agent3_mec_comp_unit_4,agent3_mec_comp_unit_5,agent3_mec_comp_unit_6,agent3_mec_comp_unit_7,agent3_mec_comp_unit_8,agent3_mec_comp_unit_9,agent4_comp_units,agent4_channel_quality,agent4_remain_epochs,agent4_power,agent4_action,agent4_reward,agent4_mec_comp_unit_0,agent4_mec_comp_unit_1,agent4_mec_comp_unit_2,agent4_mec_comp_unit_3,agent4_mec_comp_unit_4,agent4_mec_comp_unit_5,agent4_mec_comp_unit_6,agent4_mec_comp_unit_7,agent4_mec_comp_unit_8,agent4_mec_comp_unit_9
0,0,86,10,0,9,9.0,1,0,8,9,4,7,8,8,1,7,9,0,50,0,9,9.0,1,0,2,3,8,7,10,3,2,3,7,0,42,0,9,9.5,0,8,6,2,1,5,7,10,7,4,7,0,99,0,9,9.5,0,1,2,6,7,9,9,10,1,8,5,0,99,0,9,9.5,0,1,8,4,1,6,7,9,2,8,10,0
0,1,76,10,0,8,8.0,1,0,9,4,7,8,8,1,7,9,0,0,48,0,8,8.5,0,2,3,8,7,10,3,2,3,7,0,0,36,0,8,9.0,0,6,2,1,5,7,10,7,4,7,0,0,99,0,8,8.5,1,0,6,7,9,9,10,1,8,5,0,0,91,0,8,9.0,0,8,4,1,6,7,9,2,8,10,0,0
0,2,52,10,0,7,7.0,1,0,4,7,8,8,1,7,9,0,0,0,48,0,7,7.5,1,0,8,7,10,3,2,3,7,0,0,0,36,1,7,8.0,1,0,1,5,7,10,7,4,7,0,0,0,99,0,7,7.5,1,0,7,9,9,10,1,8,5,0,0,0,91,1,7,8.0,1,0,1,6,7,9,2,8,10,0,0,0
0,3,36,6,0,6,6.5,0,4,7,8,8,1,7,9,0,0,0,0,48,0,6,6.5,1,0,7,10,3,2,3,7,0,0,0,0,35,1,6,7.5,0,1,5,7,10,7,4,7,0,0,0,0,99,1,6,6.5,1,0,9,9,10,1,8,5,0,0,0,0,91,1,6,7.0,1,1,6,7,9,2,8,10,0,0,0,0
0,4,36,0,0,5,6.0,0,0,8,8,1,7,9,0,0,0,0,0,41,0,5,6.0,0,7,10,3,2,3,7,0,0,0,0,0,30,1,5,7.0,0,5,7,10,7,4,7,0,0,0,0,0,90,1,5,6.0,0,9,9,10,1,8,5,0,0,0,0,0,85,1,5,6.5,0,6,7,9,2,8,10,0,0,0,0,0
0,5,28,0,0,4,5.0,1,0,8,1,7,9,0,0,0,0,0,0,31,0,4,5.5,0,10,3,2,3,7,0,0,0,0,0,0,23,1,4,6.5,0,7,10,7,4,7,0,0,0,0,0,0,81,1,4,5.5,0,9,10,1,8,5,0,0,0,0,0,0,78,1,4,6.0,0,7,9,2,8,10,0,0,0,0,0,0
0,6,0,0,0,3,4.0,1,0,1,7,9,0,0,0,0,0,0,0,28,0,3,5.0,0,3,2,3,7,0,0,0,0,0,0,0,23,0,3,5.5,1,10,7,4,7,0,0,0,0,0,0,0,81,1,3,4.5,1,10,1,8,5,0,0,0,0,0,0,0,78,0,3,5.0,1,0,2,8,10,0,0,0,0,0,0,0
0,7,0,0,0,2,3.5,0,0,7,9,0,0,0,0,0,0,0,0,28,0,2,4.0,1,0,3,7,0,0,0,0,0,0,0,0,16,0,2,5.0,0,7,4,7,0,0,0,0,0,0,0,0,81,1,2,3.5,1,0,8,5,0,0,0,0,0,0,0,0,78,0,2,4.0,1,0,8,10,0,0,0,0,0,0,0,0
0,8,0,0,0,1,3.0,0,0,9,0,0,0,0,0,0,0,0,0,25,0,1,3.5,0,3,7,0,0,0,0,0,0,0,0,0,16,0,1,4.0,1,0,7,0,0,0,0,0,0,0,0,0,73,1,1,3.0,0,8,5,0,0,0,0,0,0,0,0,0,70,0,1,3.5,0,8,10,0,0,0,0,0,0,0,0,0
0,9,0,0,0,0,2.5,0,0,0,0,0,0,0,0,0,0,0,0,18,1,0,3.0,0,7,0,0,0,0,0,0,0,0,0,0,9,0,0,3.5,0,7,0,0,0,0,0,0,0,0,0,0,68,0,0,2.5,0,5,0,0,0,0,0,0,0,0,0,0,60,1,0,3.0,0,10,0,0,0,0,0,0,0,0,0,0
1,0,98,8,1,9,9.5,0,2,5,1,1,2,9,3,4,9,3,0,50,1,9,9.0,1,2,5,4,2,4,6,1,5,4,4,0,42,0,9,9.5,0,8,5,3,1,2,9,3,3,4,9,0,92,1,9,9.5,0,8,4,3,3,2,7,5,5,6,3,0,91,1,9,9.5,0,9,4,8,3,7,4,4,3,8,9,0
1,1,84,8,1,8,8.5,1,5,1,1,2,9,3,4,9,3,0,0,45,1,8,8.5,0,5,4,2,4,6,1,5,4,4,0,0,42,0,8,8.5,1,0,3,1,2,9,3,3,4,9,0,0,88,1,8,9.0,0,4,3,3,2,7,5,5,6,3,0,0,91,1,8,8.5,1,4,8,3,7,4,4,3,8,9,0,0
1,2,83,8,1,7,7.5,1,1,1,2,9,3,4,9,3,0,0,0,41,1,7,8.0,0,4,2,4,6,1,5,4,4,0,0,0,39,0,7,8.0,0,3,1,2,9,3,3,4,9,0,0,0,85,1,7,8.5,0,3,3,2,7,5,5,6,3,0,0,0,83,1,7,8.0,0,8,3,7,4,4,3,8,9,0,0,0
1,3,80,8,1,6,6.5,1,1,2,9,3,4,9,3,0,0,0,0,41,1,6,7.0,1,2,4,6,1,5,4,4,0,0,0,0,38,1,6,7.5,0,1,2,9,3,3,4,9,0,0,0,0,82,1,6,8.0,0,3,2,7,5,5,6,3,0,0,0,0,80,1,6,7.5,0,3,7,4,4,3,8,9,0,0,0,0
1,4,78,6,1,5,6.0,0,2,9,3,4,9,3,0,0,0,0,0,37,1,5,6.5,0,4,6,1,5,4,4,0,0,0,0,0,36,0,5,7.0,0,2,9,3,3,4,9,0,0,0,0,0,82,1,5,7.0,1,2,7,5,5,6,3,0,0,0,0,0,73,1,5,7.0,0,7,4,4,3,8,9,0,0,0,0,0
1,5,63,0,1,4,5.5,0,0,3,4,9,3,0,0,0,0,0,0,37,1,4,5.5,1,6,1,5,4,4,0,0,0,0,0,0,36,0,4,6.0,1,0,3,3,4,9,0,0,0,0,0,0,75,1,4,6.5,0,7,5,5,6,3,0,0,0,0,0,0,69,1,4,6.5,0,4,4,3,8,9,0,0,0,0,0,0
1,6,54,0,1,3,4.5,1,0,4,9,3,0,0,0,0,0,0,0,37,1,3,4.5,1,1,5,4,4,0,0,0,0,0,0,0,33,0,3,5.5,0,3,3,4,9,0,0,0,0,0,0,0,75,1,3,5.5,1,5,5,6,3,0,0,0,0,0,0,0,65,1,3,6.0,0,4,3,8,9,0,0,0,0,0,0,0
1,7,46,0,1,2,4.0,0,0,9,3,0,0,0,0,0,0,0,0,32,1,2,4.0,0,5,4,4,0,0,0,0,0,0,0,0,33,0,2,4.5,1,0,4,9,0,0,0,0,0,0,0,0,75,1,2,4.5,1,5,6,3,0,0,0,0,0,0,0,0,62,1,2,5.5,0,3,8,9,0,0,0,0,0,0,0,0
1,8,31,0,1,1,3.0,1,0,3,0,0,0,0,0,0,0,0,0,28,1,1,3.5,0,4,4,0,0,0,0,0,0,0,0,0,29,0,1,4.0,0,4,9,0,0,0,0,0,0,0,0,0,75,1,1,3.5,1,6,3,0,0,0,0,0,0,0,0,0,54,1,1,5.0,0,8,9,0,0,0,0,0,0,0,0,0
1,9,10,0,1,0,2.0,1,0,0,0,0,0,0,0,0,0,0,0,24,1,0,3.0,0,4,0,0,0,0,0,0,0,0,0,0,29,1,0,3.0,1,0,0,0,0,0,0,0,0,0,0,0,72,1,0,3.0,0,3,0,0,0,0,0,0,0,0,0,0,54,1,0,4.0,1,9,0,0,0,0,0,0,0,0,0,0
2,0,97,10,1,9,9.0,1,2,10,8,5,1,10,6,6,5,9,0,43,0,9,9.5,0,7,6,2,3,7,2,5,4,2,4,0,50,1,9,9.0,1,1,3,10,8,9,1,5,3,1,9,0,91,1,9,9.5,0,9,1,5,8,4,8,9,6,6,4,0,95,1,9,9.5,0,5,4,10,4,10,9,8,4,2,1,0
2,1,84,10,1,8,8.0,1,10,8,5,1,10,6,6,5,9,0,0,37,0,8,9.0,0,6,2,3,7,2,5,4,2,4,0,0,50,1,8,8.0,1,3,10,8,9,1,5,3,1,9,0,0,90,1,8,9.0,0,1,5,8,4,8,9,6,6,4,0,0,91,1,8,9.0,0,4,10,4,10,9,8,4,2,1,0,0
2,2,77,2,1,7,7.5,0,8,5,1,10,6,6,5,9,0,0,0,37,0,7,8.0,1,0,3,7,2,5,4,2,4,0,0,0,40,1,7,7.5,0,10,8,9,1,5,3,1,9,0,0,0,90,1,7,8.0,1,5,8,4,8,9,6,6,4,0,0,0,81,0,7,8.5,0,10,4,10,9,8,4,2,1,0,0,0
2,3,60,2,1,6,6.5,1,0,1,10,6,6,5,9,0,0,0,0,34,0,6,7.5,0,3,7,2,5,4,2,4,0,0,0,0,40,0,6,6.5,1,8,9,1,5,3,1,9,0,0,0,0,82,1,6,7.5,0,8,4,8,9,6,6,4,0,0,0,0,81,0,6,7.5,1,0,10,9,8,4,2,1,0,0,0,0
2,4,38,2,1,5,5.5,1,1,10,6,6,5,9,0,0,0,0,0,34,0,5,6.5,1,0,2,5,4,2,4,0,0,0,0,0,31,0,5,6.0,0,9,1,5,3,1,9,0,0,0,0,0,82,1,5,6.5,1,4,8,9,6,6,4,0,0,0,0,0,81,0,5,6.5,1,0,9,8,4,2,1,0,0,0,0,0
2,5,18,2,1,4,4.5,1,0,6,6,5,9,0,0,0,0,0,0,34,1,4,5.5,1,0,5,4,2,4,0,0,0,0,0,0,30,0,4,5.5,0,1,5,3,1,9,0,0,0,0,0,0,82,0,4,5.5,1,8,9,6,6,4,0,0,0,0,0,0,72,0,4,6.0,0,9,8,4,2,1,0,0,0,0,0,0
2,6,0,2,1,3,3.5,1,0,6,5,9,0,0,0,0,0,0,0,29,1,3,5.0,0,5,4,2,4,0,0,0,0,0,0,0,30,0,3,4.5,1,0,3,1,9,0,0,0,0,0,0,0,82,0,3,4.5,1,0,6,6,4,0,0,0,0,0,0,0,64,1,3,5.5,0,8,4,2,1,0,0,0,0,0,0,0
2,7,0,2,1,2,2.5,1,0,5,9,0,0,0,0,0,0,0,0,25,1,2,4.5,0,4,2,4,0,0,0,0,0,0,0,0,27,0,2,4.0,0,3,1,9,0,0,0,0,0,0,0,0,82,0,2,3.5,1,0,6,4,0,0,0,0,0,0,0,0,60,1,2,5.0,0,4,2,1,0,0,0,0,0,0,0,0
2,8,0,0,0,1,2.0,0,0,9,0,0,0,0,0,0,0,0,0,23,0,1,4.0,0,2,4,0,0,0,0,0,0,0,0,0,27,1,1,3.0,1,0,9,0,0,0,0,0,0,0,0,0,82,0,1,2.5,1,0,4,0,0,0,0,0,0,0,0,0,60,0,1,4.0,1,0,1,0,0,0,0,0,0,0,0,0
2,9,0,0,0,0,1.5,0,0,0,0,0,0,0,0,0,0,0,0,23,0,0,3.0,1,0,0,0,0,0,0,0,0,0,0,0,27,1,0,2.0,1,0,0,0,0,0,0,0,0,0,0,0,82,0,0,1.5,1,0,0,0,0,0,0,0,0,0,0,0,59,0,0,3.5,0,1,0,0,0,0,0,0,0,0,0,0
3,0,90,10,1,9,9.0,1,2,7,9,4,2,5,8,1,2,2,0,46,0,9,9.5,0,4,7,3,4,8,7,8,5,5,4,0,50,0,9,9.0,1,0,10,3,3,3,4,2,8,5,5,0,95,1,9,9.5,0,5,7,9,3,5,5,7,2,8,3,0,98,1,9,9.5,0,2,5,5,10,5,3,9,7,9,4,0
3,1,76,10,1,8,8.0,1,7,9,4,2,5,8,1,2,2,0,0,46,0,8,8.5,1,0,3,4,8,7,8,5,5,4,0,0,40,0,8,8.5,0,10,3,3,3,4,2,8,5,5,0,0,88,1,8,9.0,0,7,9,3,5,5,7,2,8,3,0,0,93,1,8,9.0,0,5,5,10,5,3,9,7,9,4,0,0
3,2,55,10,1,7,7.0,1,9,4,2,5,8,1,2,2,0,0,0,43,0,7,8.0,0,3,4,8,7,8,5,5,4,0,0,0,40,0,7,7.5,1,0,3,3,4,2,8,5,5,0,0,0,88,1,7,8.0,1,9,3,5,5,7,2,8,3,0,0,0,88,0,7,8.5,0,5,10,5,3,9,7,9,4,0,0,0
3,3,38,6,1,6,6.5,0,4,2,5,8,1,2,2,0,0,0,0,43,0,6,7.0,1,0,8,7,8,5,5,4,0,0,0,0,37,1,6,7.0,0,3,3,4,2,8,5,5,0,0,0,0,88,1,6,7.0,1,3,5,5,7,2,8,3,0,0,0,0,88,0,6,7.5,1,0,5,3,9,7,9,4,0,0,0,0
3,4,36,6,1,5,5.5,1,2,5,8,1,2,2,0,0,0,0,0,35,0,5,6.5,0,8,7,8,5,5,4,0,0,0,0,0,34,1,5,6.5,0,3,4,2,8,5,5,0,0,0,0,0,83,0,5,6.5,0,5,5,7,2,8,3,0,0,0,0,0,83,0,5,7.0,0,5,3,9,7,9,4,0,0,0,0,0
3,5,21,1,1,4,5.0,0,5,8,1,2,2,0,0,0,0,0,0,35,1,4,5.5,1,0,8,5,5,4,0,0,0,0,0,0,30,1,4,6.0,0,4,2,8,5,5,0,0,0,0,0,0,83,0,4,5.5,1,0,7,2,8,3,0,0,0,0,0,0,83,0,4,6.0,1,0,9,7,9,4,0,0,0,0,0,0
3,6,12,0,1,3,4.5,0,0,1,2,2,0,0,0,0,0,0,0,27,0,3,5.0,0,8,5,5,4,0,0,0,0,0,0,0,28,0,3,5.5,0,2,8,5,5,0,0,0,0,0,0,0,76,0,3,5.0,0,7,2,8,3,0,0,0,0,0,0,0,83,0,3,5.0,1,0,7,9,4,0,0,0,0,0,0,0
3,7,0,0,1,2,4.0,0,0,2,2,0,0,0,0,0,0,0,0,22,0,2,4.5,0,5,5,4,0,0,0,0,0,0,0,0,28,0,2,4.5,1,0,5,5,0,0,0,0,0,0,0,0,74,0,2,4.5,0,2,8,3,0,0,0,0,0,0,0,0,83,0,2,4.0,1,0,9,4,0,0,0,0,0,0,0,0
3,8,0,0,1,1,3.0,1,0,2,0,0,0,0,0,0,0,0,0,17,1,1,4.0,0,5,4,0,0,0,0,0,0,0,0,0,23,0,1,4.0,0,5,5,0,0,0,0,0,0,0,0,0,74,0,1,3.5,1,0,3,0,0,0,0,0,0,0,0,0,74,0,1,3.5,0,9,4,0,0,0,0,0,0,0,0,0
3,9,0,0,0,0,2.5,0,0,0,0,0,0,0,0,0,0,0,0,17,1,0,3.0,1,0,0,0,0,0,0,0,0,0,0,0,18,0,0,3.5,0,5,0,0,0,0,0,0,0,0,0,0,74,0,0,2.5,1,0,0,0,0,0,0,0,0,0,0,0,74,0,0,2.5,1,0,0,0,0,0,0,0,0,0,0,0
4,0,78,10,0,9,9.0,1,0,6,2,3,6,1,4,8,1,7,0,50,1,9,9.0,1,0,10,1,3,2,3,6,10,4,3,0,43,0,9,9.5,0,7,9,5,10,4,3,5,3,1,8,0,100,1,9,9.0,1,4,5,1,2,7,5,3,3,1,4,0,92,0,9,9.5,0,8,9,2,3,2,2,8,6,4,4,0
4,1,63,4,0,8,8.5,0,6,2,3,6,1,4,8,1,7,0,0,50,1,8,8.0,1,10,1,3,2,3,6,10,4,3,0,0,34,0,8,9.0,0,9,5,10,4,3,5,3,1,8,0,0,100,1,8,8.0,1,5,1,2,7,5,3,3,1,4,0,0,83,0,8,9.0,0,9,2,3,2,2,8,6,4,4,0,0
4,2,59,2,0,7,8.0,0,2,3,6,1,4,8,1,7,0,0,0,50,1,7,7.0,1,1,3,2,3,6,10,4,3,0,0,0,29,0,7,8.5,0,5,10,4,3,5,3,1,8,0,0,0,100,1,7,7.0,1,1,2,7,5,3,3,1,4,0,0,0,83,0,7,8.0,1,0,3,2,2,8,6,4,4,0,0,0
4,3,44,2,0,6,7.0,1,0,6,1,4,8,1,7,0,0,0,0,47,1,6,6.5,0,3,2,3,6,10,4,3,0,0,0,0,29,0,6,7.5,1,0,4,3,5,3,1,8,0,0,0,0,100,1,6,6.0,1,2,7,5,3,3,1,4,0,0,0,0,80,1,6,7.5,0,3,2,2,8,6,4,4,0,0,0,0
4,4,32,2,0,5,6.0,1,0,1,4,8,1,7,0,0,0,0,0,45,1,5,6.0,0,2,3,6,10,4,3,0,0,0,0,0,29,0,5,6.5,1,0,3,5,3,1,8,0,0,0,0,0,93,1,5,5.5,0,7,5,3,3,1,4,0,0,0,0,0,80,0,5,6.5,1,2,2,8,6,4,4,0,0,0,0,0
4,5,24,1,0,4,5.5,0,1,4,8,1,7,0,0,0,0,0,0,45,1,4,5.0,1,3,6,10,4,3,0,0,0,0,0,0,26,0,4,6.0,0,3,5,3,1,8,0,0,0,0,0,0,93,1,4,4.5,1,5,3,3,1,4,0,0,0,0,0,0,78,0,4,6.0,0,2,8,6,4,4,0,0,0,0,0,0
4,6,10,0,0,3,5.0,0,0,8,1,7,0,0,0,0,0,0,0,45,1,3,4.0,1,6,10,4,3,0,0,0,0,0,0,0,21,0,3,5.5,0,5,3,1,8,0,0,0,0,0,0,0,90,0,3,4.0,0,3,3,1,4,0,0,0,0,0,0,0,78,0,3,5.0,1,0,6,4,4,0,0,0,0,0,0,0
4,7,0,0,0,2,4.0,1,0,1,7,0,0,0,0,0,0,0,0,45,1,2,3.0,1,0,4,3,0,0,0,0,0,0,0,0,21,0,2,4.5,1,0,1,8,0,0,0,0,0,0,0,0,90,0,2,3.0,1,0,1,4,0,0,0,0,0,0,0,0,72,1,2,4.5,0,6,4,4,0,0,0,0,0,0,0,0
4,8,0,0,0,1,3.0,1,0,7,0,0,0,0,0,0,0,0,0,45,1,1,2.0,1,0,3,0,0,0,0,0,0,0,0,0,21,0,1,3.5,1,0,8,0,0,0,0,0,0,0,0,0,89,0,1,2.5,0,1,4,0,0,0,0,0,0,0,0,0,68,1,1,4.0,0,4,4,0,0,0,0,0,0,0,0,0
4,9,0,0,0,0,2.0,1,0,0,0,0,0,0,0,0,0,0,0,42,1,0,1.5,0,3,0,0,0,0,0,0,0,0,0,0,21,1,0,2.5,1,0,0,0,0,0,0,0,0,0,0,0,85,0,0,2.0,0,4,0,0,0,0,0,0,0,0,0,0,64,1,0,3.5,0,4,0,0,0,0,0,0,0,0,0,0
5,0,90,10,1,9,9.0,1,4,3,7,6,1,3,1,2,10,7,0,44,1,9,9.5,0,6,2,3,1,4,10,1,7,10,4,0,40,0,9,9.5,0,10,7,7,1,10,2,10,9,5,9,0,100,0,9,9.0,1,1,6,5,9,5,10,4,8,6,2,0,100,0,9,9.0,1,5,6,10,6,6,5,8,8,6,7,0
5,1,66,10,1,8,8.0,1,3,7,6,1,3,1,2,10,7,0,0,44,1,8,8.5,1,2,3,1,4,10,1,7,10,4,0,0,40,1,8,8.5,1,0,7,1,10,2,10,9,5,9,0,0,100,0,8,8.0,1,0,5,9,5,10,4,8,6,2,0,0,100,0,8,8.0,1,0,10,6,6,5,8,8,6,7,0,0
5,2,44,10,1,7,7.0,1,7,6,1,3,1,2,10,7,0,0,0,44,1,7,7.5,1,3,1,4,10,1,7,10,4,0,0,0,40,1,7,7.5,1,7,1,10,2,10,9,5,9,0,0,0,100,0,7,7.0,1,0,9,5,10,4,8,6,2,0,0,0,90,0,7,7.5,0,10,6,6,5,8,8,6,7,0,0,0
5,3,42,4,1,6,6.5,0,6,1,3,1,2,10,7,0,0,0,0,44,1,6,6.5,1,1,4,10,1,7,10,4,0,0,0,0,40,1,6,6.5,1,1,10,2,10,9,5,9,0,0,0,0,91,0,6,6.5,0,9,5,10,4,8,6,2,0,0,0,0,84,1,6,7.0,0,6,6,5,8,8,6,7,0,0,0,0
5,4,36,3,1,5,6.0,0,1,3,1,2,10,7,0,0,0,0,0,40,1,5,6.0,0,4,10,1,7,10,4,0,0,0,0,0,30,0,5,6.0,0,10,2,10,9,5,9,0,0,0,0,0,86,0,5,6.0,0,5,10,4,8,6,2,0,0,0,0,0,84,1,5,6.0,1,6,5,8,8,6,7,0,0,0,0,0
5,5,34,0,1,4,5.5,0,3,1,2,10,7,0,0,0,0,0,0,30,1,4,5.5,0,10,1,7,10,4,0,0,0,0,0,0,30,0,4,5.0,1,0,10,9,5,9,0,0,0,0,0,0,76,0,4,5.5,0,10,4,8,6,2,0,0,0,0,0,0,79,1,4,5.5,0,5,8,8,6,7,0,0,0,0,0,0
5,6,12,0,1,3,5.0,0,0,2,10,7,0,0,0,0,0,0,0,29,1,3,5.0,0,1,7,10,4,0,0,0,0,0,0,0,30,1,3,4.0,1,0,9,5,9,0,0,0,0,0,0,0,76,0,3,4.5,1,0,8,6,2,0,0,0,0,0,0,0,79,1,3,4.5,1,8,8,6,7,0,0,0,0,0,0,0
5,7,0,0,1,2,4.5,0,0,10,7,0,0,0,0,0,0,0,0,29,1,2,4.0,1,7,10,4,0,0,0,0,0,0,0,0,21,1,2,3.5,0,9,5,9,0,0,0,0,0,0,0,0,68,0,2,4.0,0,8,6,2,0,0,0,0,0,0,0,0,79,1,2,3.5,1,0,6,7,0,0,0,0,0,0,0,0
5,8,0,0,0,1,4.0,0,0,7,0,0,0,0,0,0,0,0,0,29,1,1,3.0,1,0,4,0,0,0,0,0,0,0,0,0,16,1,1,3.0,0,5,9,0,0,0,0,0,0,0,0,0,62,0,1,3.5,0,6,2,0,0,0,0,0,0,0,0,0,79,1,1,2.5,1,0,7,0,0,0,0,0,0,0,0,0
5,9,0,0,0,0,3.0,1,0,0,0,0,0,0,0,0,0,0,0,25,1,0,2.5,0,4,0,0,0,0,0,0,0,0,0,0,16,0,0,2.0,1,0,0,0,0,0,0,0,0,0,0,0,62,0,0,2.5,1,0,0,0,0,0,0,0,0,0,0,0,79,0,0,1.5,1,0,0,0,0,0,0,0,0,0,0,0
6,0,81,10,0,9,9.0,1,0,1,6,2,2,5,1,4,8,5,0,50,1,9,9.0,1,3,9,6,8,8,8,1,10,8,8,0,47,0,9,9.5,0,3,10,2,7,10,4,2,3,8,8,0,100,1,9,9.0,1,0,10,1,5,1,5,7,10,2,9,0,97,1,9,9.5,0,3,4,6,3,6,10,3,1,2,7,0
6,1,81,9,0,8,8.5,0,1,6,2,2,5,1,4,8,5,0,0,41,1,8,8.5,0,9,6,8,8,8,1,10,8,8,0,0,37,0,8,9.0,0,10,2,7,10,4,2,3,8,8,0,0,90,1,8,8.5,0,10,1,5,1,5,7,10,2,9,0,0,93,1,8,9.0,0,4,6,3,6,10,3,1,2,7,0,0
6,2,66,3,0,7,8.0,0,6,2,2,5,1,4,8,5,0,0,0,41,1,7,7.5,1,6,8,8,8,1,10,8,8,0,0,0,37,0,7,8.0,1,0,7,10,4,2,3,8,8,0,0,0,90,1,7,7.5,1,1,5,1,5,7,10,2,9,0,0,0,93,1,7,8.0,1,6,3,6,10,3,1,2,7,0,0,0
6,3,46,3,0,6,7.0,1,0,2,5,1,4,8,5,0,0,0,0,41,1,6,6.5,1,8,8,8,1,10,8,8,0,0,0,0,37,1,6,7.0,1,0,10,4,2,3,8,8,0,0,0,0,85,1,6,7.0,0,5,1,5,7,10,2,9,0,0,0,0,93,0,6,7.0,1,3,6,10,3,1,2,7,0,0,0,0
6,4,38,1,0,5,6.5,0,2,5,1,4,8,5,0,0,0,0,0,41,0,5,5.5,1,8,8,1,10,8,8,0,0,0,0,0,27,1,5,6.5,0,10,4,2,3,8,8,0,0,0,0,0,84,1,5,6.5,0,1,5,7,10,2,9,0,0,0,0,0,87,0,5,6.5,0,6,10,3,1,2,7,0,0,0,0,0
6,5,23,0,0,4,6.0,0,0,1,4,8,5,0,0,0,0,0,0,33,0,4,5.0,0,8,1,10,8,8,0,0,0,0,0,0,23,1,4,6.0,0,4,2,3,8,8,0,0,0,0,0,0,84,1,4,5.5,1,5,7,10,2,9,0,0,0,0,0,0,87,0,4,5.5,1,0,3,1,2,7,0,0,0,0,0,0
6,6,19,0,0,3,5.0,1,0,4,8,5,0,0,0,0,0,0,0,33,0,3,4.0,1,0,10,8,8,0,0,0,0,0,0,0,23,1,3,5.0,1,2,3,8,8,0,0,0,0,0,0,0,77,1,3,5.0,0,7,10,2,9,0,0,0,0,0,0,0,84,1,3,5.0,0,3,1,2,7,0,0,0,0,0,0,0
6,7,0,0,0,2,4.0,1,0,8,5,0,0,0,0,0,0,0,0,33,1,2,3.0,1,0,8,8,0,0,0,0,0,0,0,0,23,1,2,4.0,1,3,8,8,0,0,0,0,0,0,0,0,77,1,2,4.0,1,0,2,9,0,0,0,0,0,0,0,0,84,1,2,4.0,1,0,2,7,0,0,0,0,0,0,0,0
6,8,0,0,0,1,3.0,1,0,5,0,0,0,0,0,0,0,0,0,25,1,1,2.5,0,8,8,0,0,0,0,0,0,0,0,0,15,1,1,3.5,0,8,8,0,0,0,0,0,0,0,0,0,77,1,1,3.0,1,0,9,0,0,0,0,0,0,0,0,0,82,1,1,3.5,0,2,7,0,0,0,0,0,0,0,0,0
6,9,0,0,0,0,2.5,0,0,0,0,0,0,0,0,0,0,0,0,17,1,0,2.0,0,8,0,0,0,0,0,0,0,0,0,0,7,1,0,3.0,0,8,0,0,0,0,0,0,0,0,0,0,77,1,0,2.0,1,0,0,0,0,0,0,0,0,0,0,0,75,1,0,3.0,0,7,0,0,0,0,0,0,0,0,0,0
7,0,98,10,1,9,9.0,1,1,6,8,8,9,4,1,2,7,8,0,40,1,9,9.5,0,10,7,5,10,2,4,9,7,8,3,0,46,1,9,9.5,0,4,8,10,1,3,7,10,10,6,7,0,100,1,9,9.0,1,1,1,8,10,6,2,7,4,1,5,0,90,0,9,9.5,0,10,2,7,5,8,6,5,3,10,7,0
7,1,77,10,1,8,8.0,1,6,8,8,9,4,1,2,7,8,0,0,40,1,8,8.5,1,7,5,10,2,4,9,7,8,3,0,0,46,1,8,8.5,1,8,10,1,3,7,10,10,6,7,0,0,99,0,8,8.5,0,1,8,10,6,2,7,4,1,5,0,0,88,0,8,9.0,0,2,7,5,8,6,5,3,10,7,0,0
7,2,72,2,1,7,7.5,0,8,8,9,4,1,2,7,8,0,0,0,40,1,7,7.5,1,5,10,2,4,9,7,8,3,0,0,0,36,1,7,8.0,0,10,1,3,7,10,10,6,7,0,0,0,91,1,7,8.0,0,8,10,6,2,7,4,1,5,0,0,0,81,0,7,8.5,0,7,5,8,6,5,3,10,7,0,0,0
7,3,38,2,1,6,6.5,1,0,9,4,1,2,7,8,0,0,0,0,40,1,6,6.5,1,10,2,4,9,7,8,3,0,0,0,0,36,1,6,7.0,1,1,3,7,10,10,6,7,0,0,0,0,91,1,6,7.0,1,10,6,2,7,4,1,5,0,0,0,0,81,0,6,7.5,1,0,8,6,5,3,10,7,0,0,0,0
7,4,33,0,1,5,6.0,0,0,4,1,2,7,8,0,0,0,0,0,40,1,5,5.5,1,2,4,9,7,8,3,0,0,0,0,0,36,1,5,6.0,1,3,7,10,10,6,7,0,0,0,0,0,85,1,5,6.5,0,6,2,7,4,1,5,0,0,0,0,0,73,0,5,7.0,0,8,6,5,3,10,7,0,0,0,0,0
7,5,20,0,1,4,5.5,0,0,1,2,7,8,0,0,0,0,0,0,36,1,4,5.0,0,4,9,7,8,3,0,0,0,0,0,0,36,1,4,5.0,1,7,10,10,6,7,0,0,0,0,0,0,83,0,4,6.0,0,2,7,4,1,5,0,0,0,0,0,0,73,0,4,6.0,1,0,5,3,10,7,0,0,0,0,0,0
7,6,9,0,1,3,4.5,1,0,2,7,8,0,0,0,0,0,0,0,27,0,3,4.5,0,9,7,8,3,0,0,0,0,0,0,0,36,1,3,4.0,1,10,10,6,7,0,0,0,0,0,0,0,76,0,3,5.5,0,7,4,1,5,0,0,0,0,0,0,0,68,0,3,5.5,0,5,3,10,7,0,0,0,0,0,0,0
7,7,7,0,1,2,3.5,1,0,7,8,0,0,0,0,0,0,0,0,20,0,2,4.0,0,7,8,3,0,0,0,0,0,0,0,0,26,1,2,3.5,0,10,6,7,0,0,0,0,0,0,0,0,72,1,2,5.0,0,4,1,5,0,0,0,0,0,0,0,0,65,0,2,5.0,0,3,10,7,0,0,0,0,0,0,0,0
7,8,0,0,1,1,3.0,0,0,8,0,0,0,0,0,0,0,0,0,20,0,1,3.0,1,0,3,0,0,0,0,0,0,0,0,0,26,1,1,2.5,1,0,7,0,0,0,0,0,0,0,0,0,71,1,1,4.5,0,1,5,0,0,0,0,0,0,0,0,0,55,0,1,4.5,0,10,7,0,0,0,0,0,0,0,0,0
7,9,0,0,1,0,2.5,0,0,0,0,0,0,0,0,0,0,0,0,17,0,0,2.5,0,3,0,0,0,0,0,0,0,0,0,0,19,1,0,2.0,0,7,0,0,0,0,0,0,0,0,0,0,66,1,0,4.0,0,5,0,0,0,0,0,0,0,0,0,0,48,1,0,4.0,0,7,0,0,0,0,0,0,0,0,0,0
8,0,82,2,0,9,9.5,0,8,9,2,5,2,7,2,7,4,8,0,50,1,9,9.0,1,4,9,8,1,4,9,9,3,7,7,0,50,0,9,9.0,1,0,3,3,4,6,5,9,6,2,9,0,99,1,9,9.5,0,1,8,2,6,8,8,9,7,8,6,0,100,1,9,9.0,1,0,1,6,5,9,5,9,10,10,6,0
8,1,65,2,0,8,8.5,1,0,2,5,2,7,2,7,4,8,0,0,41,1,8,8.5,0,9,8,1,4,9,9,3,7,7,0,0,47,1,8,8.5,0,3,3,4,6,5,9,6,2,9,0,0,99,1,8,8.5,1,8,2,6,8,8,9,7,8,6,0,0,99,1,8,8.5,0,1,6,5,9,5,9,10,10,6,0,0
8,2,49,0,0,7,8.0,0,2,5,2,7,2,7,4,8,0,0,0,41,1,7,7.5,1,8,1,4,9,9,3,7,7,0,0,0,44,1,7,8.0,0,3,4,6,5,9,6,2,9,0,0,0,99,1,7,7.5,1,2,6,8,8,9,7,8,6,0,0,0,99,1,7,7.5,1,6,5,9,5,9,10,10,6,0,0,0
8,3,43,0,0,6,7.5,0,0,2,7,2,7,4,8,0,0,0,0,41,1,6,6.5,1,1,4,9,9,3,7,7,0,0,0,0,40,1,6,7.5,0,4,6,5,9,6,2,9,0,0,0,0,93,1,6,7.0,0,6,8,8,9,7,8,6,0,0,0,0,99,1,6,6.5,1,5,9,5,9,10,10,6,0,0,0,0
8,4,29,0,1,5,7.0,0,0,7,2,7,4,8,0,0,0,0,0,37,1,5,6.0,0,4,9,9,3,7,7,0,0,0,0,0,40,1,5,6.5,1,6,5,9,6,2,9,0,0,0,0,0,93,1,5,6.0,1,8,8,9,7,8,6,0,0,0,0,0,90,1,5,6.0,0,9,5,9,10,10,6,0,0,0,0,0
8,5,8,0,1,4,6.0,1,0,2,7,4,8,0,0,0,0,0,0,37,1,4,5.0,1,9,9,3,7,7,0,0,0,0,0,0,35,1,4,6.0,0,5,9,6,2,9,0,0,0,0,0,0,85,0,4,5.5,0,8,9,7,8,6,0,0,0,0,0,0,90,1,4,5.0,1,5,9,10,10,6,0,0,0,0,0,0
8,6,0,0,1,3,5.0,1,0,7,4,8,0,0,0,0,0,0,0,37,1,3,4.0,1,0,3,7,7,0,0,0,0,0,0,0,26,1,3,5.5,0,9,6,2,9,0,0,0,0,0,0,0,76,0,3,5.0,0,9,7,8,6,0,0,0,0,0,0,0,90,1,3,4.0,1,0,10,10,6,0,0,0,0,0,0,0
8,7,0,0,0,2,4.0,1,0,4,8,0,0,0,0,0,0,0,0,37,0,2,3.0,1,0,7,7,0,0,0,0,0,0,0,0,20,1,2,5.0,0,6,2,9,0,0,0,0,0,0,0,0,76,0,2,4.0,1,0,8,6,0,0,0,0,0,0,0,0,80,1,2,3.5,0,10,10,6,0,0,0,0,0,0,0,0
8,8,0,0,0,1,3.0,1,0,8,0,0,0,0,0,0,0,0,0,37,0,1,2.0,1,0,7,0,0,0,0,0,0,0,0,0,18,1,1,4.5,0,2,9,0,0,0,0,0,0,0,0,0,76,0,1,3.0,1,0,6,0,0,0,0,0,0,0,0,0,70,1,1,3.0,0,10,6,0,0,0,0,0,0,0,0,0
8,9,0,0,0,0,2.0,1,0,0,0,0,0,0,0,0,0,0,0,30,0,0,1.5,0,7,0,0,0,0,0,0,0,0,0,0,18,1,0,3.5,1,0,0,0,0,0,0,0,0,0,0,0,70,0,0,2.5,0,6,0,0,0,0,0,0,0,0,0,0,70,1,0,2.0,1,0,0,0,0,0,0,0,0,0,0,0
9,0,91,0,0,9,9.5,0,10,5,5,6,10,7,9,1,6,2,0,47,1,9,9.5,0,3,5,2,8,5,3,6,8,4,2,0,47,1,9,9.5,0,3,10,10,7,1,7,10,5,9,9,0,97,1,9,9.5,0,3,3,1,2,8,4,4,6,2,7,0,100,1,9,9.0,1,9,6,6,4,5,8,1,4,8,6,0
9,1,70,0,0,8,8.5,1,0,5,6,10,7,9,1,6,2,0,0,42,1,8,9.0,0,5,2,8,5,3,6,8,4,2,0,0,47,1,8,8.5,1,10,10,7,1,7,10,5,9,9,0,0,94,1,8,9.0,0,3,1,2,8,4,4,6,2,7,0,0,100,1,8,8.0,1,6,6,4,5,8,1,4,8,6,0,0
9,2,62,0,0,7,7.5,1,0,6,10,7,9,1,6,2,0,0,0,42,1,7,8.0,1,2,8,5,3,6,8,4,2,0,0,0,37,0,7,8.0,0,10,7,1,7,10,5,9,9,0,0,0,94,0,7,8.0,1,1,2,8,4,4,6,2,7,0,0,0,94,1,7,7.5,0,6,4,5,8,1,4,8,6,0,0,0
9,3,51,0,1,6,7.0,0,0,10,7,9,1,6,2,0,0,0,0,34,1,6,7.5,0,8,5,3,6,8,4,2,0,0,0,0,37,1,6,7.0,1,0,1,7,10,5,9,9,0,0,0,0,92,0,6,7.5,0,2,8,4,4,6,2,7,0,0,0,0,94,0,6,6.5,1,4,5,8,1,4,8,6,0,0,0,0
9,4,45,0,1,5,6.5,0,0,7,9,1,6,2,0,0,0,0,0,34,1,5,6.5,1,5,3,6,8,4,2,0,0,0,0,0,37,1,5,6.0,1,1,7,10,5,9,9,0,0,0,0,0,84,0,5,7.0,0,8,4,4,6,2,7,0,0,0,0,0,89,0,5,6.0,0,5,8,1,4,8,6,0,0,0,0,0
9,5,42,0,1,4,6.0,0,0,9,1,6,2,0,0,0,0,0,0,34,0,4,5.5,1,3,6,8,4,2,0,0,0,0,0,0,30,1,4,5.5,0,7,10,5,9,9,0,0,0,0,0,0,80,0,4,6.5,0,4,4,6,2,7,0,0,0,0,0,0,81,1,4,5.5,0,8,1,4,8,6,0,0,0,0,0,0
9,6,32,0,1,3,5.5,0,0,1,6,2,0,0,0,0,0,0,0,28,0,3,5.0,0,6,8,4,2,0,0,0,0,0,0,0,30,1,3,4.5,1,10,5,9,9,0,0,0,0,0,0,0,76,0,3,6.0,0,4,6,2,7,0,0,0,0,0,0,0,80,1,3,5.0,0,1,4,8,6,0,0,0,0,0,0,0
9,7,24,0,1,2,5.0,0,0,6,2,0,0,0,0,0,0,0,0,28,0,2,4.0,1,0,4,2,0,0,0,0,0,0,0,0,25,1,2,4.0,0,5,9,9,0,0,0,0,0,0,0,0,70,0,2,5.5,0,6,2,7,0,0,0,0,0,0,0,0,76,1,2,4.5,0,4,8,6,0,0,0,0,0,0,0,0
9,8,9,0,1,1,4.5,0,0,2,0,0,0,0,0,0,0,0,0,28,0,1,3.0,1,0,2,0,0,0,0,0,0,0,0,0,25,1,1,3.0,1,9,9,0,0,0,0,0,0,0,0,0,70,0,1,4.5,1,0,7,0,0,0,0,0,0,0,0,0,68,1,1,4.0,0,8,6,0,0,0,0,0,0,0,0,0
9,9,0,0,1,0,4.0,0,0,0,0,0,0,0,0,0,0,0,0,28,0,0,2.0,1,0,0,0,0,0,0,0,0,0,0,0,16,1,0,2.5,0,9,0,0,0,0,0,0,0,0,0,0,70,0,0,3.5,1,0,0,0,0,0,0,0,0,0,0,0,62,1,0,3.5,0,6,0,0,0,0,0,0,0,0,0,0
10,0,89,10,0,9,9.0,1,6,6,1,8,7,7,4,7,3,2,0,41,1,9,9.5,0,9,2,1,3,2,5,9,2,3,1,0,50,1,9,9.0,1,0,10,5,8,9,2,3,3,8,10,0,91,0,9,9.5,0,9,7,7,1,4,6,8,10,9,2,0,98,0,9,9.5,0,2,5,10,3,6,4,1,10,10,8,0
10,1,75,4,1,8,8.5,0,6,1,8,7,7,4,7,3,2,0,0,41,1,8,8.5,1,2,1,3,2,5,9,2,3,1,0,0,40,1,8,8.5,0,10,5,8,9,2,3,3,8,10,0,0,91,0,8,8.5,1,0,7,1,4,6,8,10,9,2,0,0,98,0,8,8.5,1,0,10,3,6,4,1,10,10,8,0,0
10,2,60,3,1,7,8.0,0,1,8,7,7,4,7,3,2,0,0,0,40,1,7,8.0,0,1,3,2,5,9,2,3,1,0,0,0,40,1,7,7.5,1,5,8,9,2,3,3,8,10,0,0,0,84,0,7,8.0,0,7,1,4,6,8,10,9,2,0,0,0,98,0,7,7.5,1,0,3,6,4,1,10,10,8,0,0,0
10,3,49,3,1,6,7.0,1,0,7,7,4,7,3,2,0,0,0,0,40,1,6,7.0,1,3,2,5,9,2,3,1,0,0,0,0,32,1,6,7.0,0,8,9,2,3,3,8,10,0,0,0,0,83,0,6,7.5,0,1,4,6,8,10,9,2,0,0,0,0,95,0,6,7.0,0,3,6,4,1,10,10,8,0,0,0,0
10,4,30,0,1,5,6.5,0,0,7,4,7,3,2,0,0,0,0,0,38,1,5,6.5,0,2,5,9,2,3,1,0,0,0,0,0,32,1,5,6.0,1,9,2,3,3,8,10,0,0,0,0,0,83,0,5,6.5,1,0,6,8,10,9,2,0,0,0,0,0,95,1,5,6.0,1,0,4,1,10,10,8,0,0,0,0,0
10,5,13,0,1,4,5.5,1,0,4,7,3,2,0,0,0,0,0,0,33,0,4,6.0,0,5,9,2,3,1,0,0,0,0,0,0,30,1,4,5.5,0,2,3,3,8,10,0,0,0,0,0,0,83,0,4,5.5,1,0,8,10,9,2,0,0,0,0,0,0,95,0,4,5.0,1,4,1,10,10,8,0,0,0,0,0,0
10,6,5,0,0,3,4.5,1,0,7,3,2,0,0,0,0,0,0,0,24,0,3,5.5,0,9,2,3,1,0,0,0,0,0,0,0,30,1,3,4.5,1,3,3,8,10,0,0,0,0,0,0,0,75,0,3,5.0,0,8,10,9,2,0,0,0,0,0,0,0,95,0,3,4.0,1,0,10,10,8,0,0,0,0,0,0,0
10,7,0,0,0,2,3.5,1,0,3,2,0,0,0,0,0,0,0,0,24,0,2,4.5,1,0,3,1,0,0,0,0,0,0,0,0,30,1,2,3.5,1,0,8,10,0,0,0,0,0,0,0,0,75,0,2,4.0,1,0,9,2,0,0,0,0,0,0,0,0,85,0,2,3.5,0,10,10,8,0,0,0,0,0,0,0,0
10,8,0,0,0,1,2.5,1,0,2,0,0,0,0,0,0,0,0,0,21,1,1,4.0,0,3,1,0,0,0,0,0,0,0,0,0,22,1,1,3.0,0,8,10,0,0,0,0,0,0,0,0,0,66,1,1,3.5,0,9,2,0,0,0,0,0,0,0,0,0,85,1,1,2.5,1,0,8,0,0,0,0,0,0,0,0,0
10,9,0,0,0,0,1.5,1,0,0,0,0,0,0,0,0,0,0,0,20,1,0,3.5,0,1,0,0,0,0,0,0,0,0,0,0,12,1,0,2.5,0,10,0,0,0,0,0,0,0,0,0,0,64,1,0,3.0,0,2,0,0,0,0,0,0,0,0,0,0,77,1,0,2.0,0,8,0,0,0,0,0,0,0,0,0,0
11,0,87,10,0,9,9.0,1,0,6,3,7,7,7,6,5,4,4,0,47,0,9,9.5,0,3,6,4,3,8,1,10,1,1,3,0,41,0,9,9.5,0,9,4,9,10,7,3,7,1,3,3,0,100,0,9,9.0,1,0,2,7,5,9,5,8,5,2,3,0,100,0,9,9.0,1,0,9,1,9,1,7,2,5,1,4,0
11,1,72,4,0,8,8.5,0,6,3,7,7,7,6,5,4,4,0,0,47,0,8,8.5,1,0,4,3,8,1,10,1,1,3,0,0,37,0,8,9.0,0,4,9,10,7,3,7,1,3,3,0,0,98,0,8,8.5,0,2,7,5,9,5,8,5,2,3,0,0,100,0,8,8.0,1,0,1,9,1,7,2,5,1,4,0,0
11,2,61,4,0,7,7.5,1,0,7,7,7,6,5,4,4,0,0,0,43,0,7,8.0,0,4,3,8,1,10,1,1,3,0,0,0,28,1,7,8.5,0,9,10,7,3,7,1,3,3,0,0,0,98,1,7,7.5,1,0,5,9,5,8,5,2,3,0,0,0,100,1,7,7.0,1,0,9,1,7,2,5,1,4,0,0,0
11,3,41,4,0,6,6.5,1,0,7,7,6,5,4,4,0,0,0,0,43,0,6,7.0,1,0,8,1,10,1,1,3,0,0,0,0,28,1,6,7.5,1,10,7,3,7,1,3,3,0,0,0,0,93,1,6,7.0,0,5,9,5,8,5,2,3,0,0,0,0,91,1,6,6.5,0,9,1,7,2,5,1,4,0,0,0,0
11,4,25,4,0,5,5.5,1,0,7,6,5,4,4,0,0,0,0,0,43,0,5,6.0,1,0,1,10,1,1,3,0,0,0,0,0,21,0,5,7.0,0,7,3,7,1,3,3,0,0,0,0,0,84,0,5,6.5,0,9,5,8,5,2,3,0,0,0,0,0,91,1,5,5.5,1,1,7,2,5,1,4,0,0,0,0,0
11,5,13,0,0,4,5.0,0,0,6,5,4,4,0,0,0,0,0,0,42,0,4,5.5,0,1,10,1,1,3,0,0,0,0,0,0,18,0,4,6.5,0,3,7,1,3,3,0,0,0,0,0,0,84,0,4,5.5,1,0,8,5,2,3,0,0,0,0,0,0,91,1,4,4.5,1,7,2,5,1,4,0,0,0,0,0,0
11,6,0,0,0,3,4.0,1,0,5,4,4,0,0,0,0,0,0,0,32,0,3,5.0,0,10,1,1,3,0,0,0,0,0,0,0,18,0,3,5.5,1,0,1,3,3,0,0,0,0,0,0,0,76,0,3,5.0,0,8,5,2,3,0,0,0,0,0,0,0,89,1,3,4.0,0,2,5,1,4,0,0,0,0,0,0,0
11,7,0,0,0,2,3.5,0,0,4,4,0,0,0,0,0,0,0,0,32,1,2,4.0,1,0,1,3,0,0,0,0,0,0,0,0,17,0,2,5.0,0,1,3,3,0,0,0,0,0,0,0,0,71,1,2,4.5,0,5,2,3,0,0,0,0,0,0,0,0,89,0,2,3.0,1,0,1,4,0,0,0,0,0,0,0,0
11,8,0,0,0,1,3.0,0,0,4,0,0,0,0,0,0,0,0,0,31,1,1,3.5,0,1,3,0,0,0,0,0,0,0,0,0,14,0,1,4.5,0,3,3,0,0,0,0,0,0,0,0,0,69,1,1,4.0,0,2,3,0,0,0,0,0,0,0,0,0,89,1,1,2.0,1,0,4,0,0,0,0,0,0,0,0,0
11,9,0,0,0,0,2.0,1,0,0,0,0,0,0,0,0,0,0,0,28,1,0,3.0,0,3,0,0,0,0,0,0,0,0,0,0,11,0,0,4.0,0,3,0,0,0,0,0,0,0,0,0,0,66,1,0,3.5,0,3,0,0,0,0,0,0,0,0,0,0,85,1,0,1.5,0,4,0,0,0,0,0,0,0,0,0,0
12,0,92,9,1,9,9.5,0,1,4,4,4,7,3,3,2,3,7,0,41,1,9,9.5,0,9,6,3,5,1,4,7,8,6,8,0,49,0,9,9.5,0,1,8,1,7,10,9,1,3,6,9,0,100,0,9,9.0,1,0,2,1,4,10,3,3,6,5,6,0,100,1,9,9.0,1,1,1,3,9,5,4,7,10,8,5,0
12,1,77,9,1,8,8.5,1,4,4,4,7,3,3,2,3,7,0,0,35,1,8,9.0,0,6,3,5,1,4,7,8,6,8,0,0,49,0,8,8.5,1,0,1,7,10,9,1,3,6,9,0,0,100,0,8,8.0,1,0,1,4,10,3,3,6,5,6,0,0,100,1,8,8.0,1,1,3,9,5,4,7,10,8,5,0,0
12,2,66,9,1,7,7.5,1,4,4,7,3,3,2,3,7,0,0,0,35,1,7,8.0,1,3,5,1,4,7,8,6,8,0,0,0,48,1,7,8.0,0,1,7,10,9,1,3,6,9,0,0,0,100,0,7,7.0,1,0,4,10,3,3,6,5,6,0,0,0,100,0,7,7.0,1,3,9,5,4,7,10,8,5,0,0,0
12,3,51,9,1,6,6.5,1,4,7,3,3,2,3,7,0,0,0,0,30,0,6,7.5,0,5,1,4,7,8,6,8,0,0,0,0,48,1,6,7.0,1,7,10,9,1,3,6,9,0,0,0,0,100,0,6,6.0,1,0,10,3,3,6,5,6,0,0,0,0,91,0,6,6.5,0,9,5,4,7,10,8,5,0,0,0,0
12,4,24,9,1,5,5.5,1,7,3,3,2,3,7,0,0,0,0,0,29,0,5,7.0,0,1,4,7,8,6,8,0,0,0,0,0,48,1,5,6.0,1,10,9,1,3,6,9,0,0,0,0,0,100,0,5,5.0,1,0,3,3,6,5,6,0,0,0,0,0,86,0,5,6.0,0,5,4,7,10,8,5,0,0,0,0,0
12,5,13,6,0,4,5.0,0,3,3,2,3,7,0,0,0,0,0,0,29,0,4,6.0,1,0,7,8,6,8,0,0,0,0,0,0,39,1,4,5.5,0,9,1,3,6,9,0,0,0,0,0,0,100,0,4,4.0,1,0,3,6,5,6,0,0,0,0,0,0,86,0,4,5.0,1,0,7,10,8,5,0,0,0,0,0,0
12,6,6,3,0,3,4.5,0,3,2,3,7,0,0,0,0,0,0,0,29,0,3,5.0,1,0,8,6,8,0,0,0,0,0,0,0,38,1,3,5.0,0,1,3,6,9,0,0,0,0,0,0,0,97,0,3,3.5,0,3,6,5,6,0,0,0,0,0,0,0,79,0,3,4.5,0,7,10,8,5,0,0,0,0,0,0,0
12,7,0,1,0,2,4.0,0,2,3,7,0,0,0,0,0,0,0,0,21,0,2,4.5,0,8,6,8,0,0,0,0,0,0,0,0,38,1,2,4.0,1,3,6,9,0,0,0,0,0,0,0,0,97,1,2,2.5,1,0,5,6,0,0,0,0,0,0,0,0,79,1,2,3.5,1,0,8,5,0,0,0,0,0,0,0,0
12,8,0,0,0,1,3.5,0,0,7,0,0,0,0,0,0,0,0,0,21,0,1,3.5,1,0,8,0,0,0,0,0,0,0,0,0,32,1,1,3.5,0,6,9,0,0,0,0,0,0,0,0,0,92,1,1,2.0,0,5,6,0,0,0,0,0,0,0,0,0,79,1,1,2.5,1,0,5,0,0,0,0,0,0,0,0,0
12,9,0,0,0,0,2.5,1,0,0,0,0,0,0,0,0,0,0,0,13,0,0,3.0,0,8,0,0,0,0,0,0,0,0,0,0,23,1,0,3.0,0,9,0,0,0,0,0,0,0,0,0,0,92,0,0,1.0,1,0,0,0,0,0,0,0,0,0,0,0,74,1,0,2.0,0,5,0,0,0,0,0,0,0,0,0,0
13,0,94,0,1,9,9.5,0,10,5,1,5,3,7,6,3,6,1,0,40,1,9,9.5,0,10,8,4,3,8,1,7,4,2,2,0,42,0,9,9.5,0,8,1,9,3,8,4,7,1,1,7,0,98,1,9,9.5,0,2,9,6,5,9,5,9,6,2,9,0,100,0,9,9.0,1,0,10,4,4,9,8,5,6,8,8,0
13,1,89,0,1,8,8.5,1,0,1,5,3,7,6,3,6,1,0,0,32,1,8,9.0,0,8,4,3,8,1,7,4,2,2,0,0,41,1,8,9.0,0,1,9,3,8,4,7,1,1,7,0,0,89,1,8,9.0,0,9,6,5,9,5,9,6,2,9,0,0,90,0,8,8.5,0,10,4,4,9,8,5,6,8,8,0,0
13,2,78,0,1,7,7.5,1,0,5,3,7,6,3,6,1,0,0,0,32,1,7,8.0,1,4,3,8,1,7,4,2,2,0,0,0,32,1,7,8.5,0,9,3,8,4,7,1,1,7,0,0,0,89,0,7,8.0,1,6,5,9,5,9,6,2,9,0,0,0,86,1,7,8.0,0,4,4,9,8,5,6,8,8,0,0,0
13,3,62,0,1,6,6.5,1,0,3,7,6,3,6,1,0,0,0,0,32,1,6,7.0,1,3,8,1,7,4,2,2,0,0,0,0,32,0,6,7.5,1,3,8,4,7,1,1,7,0,0,0,0,89,0,6,7.0,1,0,9,5,9,6,2,9,0,0,0,0,82,1,6,7.5,0,4,9,8,5,6,8,8,0,0,0,0
13,4,42,0,1,5,5.5,1,0,7,6,3,6,1,0,0,0,0,0,24,1,5,6.5,0,8,1,7,4,2,2,0,0,0,0,0,32,1,5,6.5,1,0,4,7,1,1,7,0,0,0,0,0,89,1,5,6.0,1,0,5,9,6,2,9,0,0,0,0,0,73,1,5,7.0,0,9,8,5,6,8,8,0,0,0,0,0
13,5,21,0,1,4,4.5,1,0,6,3,6,1,0,0,0,0,0,0,24,1,4,5.5,1,1,7,4,2,2,0,0,0,0,0,0,28,1,4,6.0,0,4,7,1,1,7,0,0,0,0,0,0,89,0,4,5.0,1,5,9,6,2,9,0,0,0,0,0,0,73,1,4,6.0,1,8,5,6,8,8,0,0,0,0,0,0
13,6,5,0,1,3,4.0,0,0,3,6,1,0,0,0,0,0,0,0,24,1,3,4.5,1,7,4,2,2,0,0,0,0,0,0,0,21,1,3,5.5,0,7,1,1,7,0,0,0,0,0,0,0,89,0,3,4.0,1,0,6,2,9,0,0,0,0,0,0,0,68,1,3,5.5,0,5,6,8,8,0,0,0,0,0,0,0
13,7,0,0,1,2,3.5,0,0,6,1,0,0,0,0,0,0,0,0,20,1,2,4.0,0,4,2,2,0,0,0,0,0,0,0,0,20,0,2,5.0,0,1,1,7,0,0,0,0,0,0,0,0,89,1,2,3.0,1,0,2,9,0,0,0,0,0,0,0,0,62,1,2,5.0,0,6,8,8,0,0,0,0,0,0,0,0
13,8,0,0,1,1,3.0,0,0,1,0,0,0,0,0,0,0,0,0,18,1,1,3.5,0,2,2,0,0,0,0,0,0,0,0,0,19,0,1,4.5,0,1,7,0,0,0,0,0,0,0,0,0,89,1,1,2.0,1,0,9,0,0,0,0,0,0,0,0,0,62,0,1,4.0,1,0,8,0,0,0,0,0,0,0,0,0
13,9,0,0,1,0,2.5,0,0,0,0,0,0,0,0,0,0,0,0,18,0,0,2.5,1,0,0,0,0,0,0,0,0,0,0,0,19,0,0,3.5,1,0,0,0,0,0,0,0,0,0,0,0,89,0,0,1.0,1,0,0,0,0,0,0,0,0,0,0,0,62,1,0,3.0,1,0,0,0,0,0,0,0,0,0,0,0
14,0,77,10,1,9,9.0,1,5,6,9,10,10,2,2,9,2,2,0,47,0,9,9.5,0,3,7,10,2,8,6,9,10,4,9,0,50,0,9,9.0,1,0,7,8,5,6,6,4,5,5,9,0,100,0,9,9.0,1,0,3,3,10,10,2,1,3,7,1,0,100,0,9,9.0,1,0,3,4,7,4,7,4,4,7,1,0
14,1,65,10,1,8,8.0,1,6,9,10,10,2,2,9,2,2,0,0,40,0,8,9.0,0,7,10,2,8,6,9,10,4,9,0,0,43,0,8,8.5,0,7,8,5,6,6,4,5,5,9,0,0,100,0,8,8.0,1,0,3,10,10,2,1,3,7,1,0,0,100,0,8,8.0,1,0,4,7,4,7,4,4,7,1,0,0
14,2,56,10,1,7,7.0,1,9,10,10,2,2,9,2,2,0,0,0,30,0,7,8.5,0,10,2,8,6,9,10,4,9,0,0,0,35,0,7,8.0,0,8,5,6,6,4,5,5,9,0,0,0,97,1,7,7.5,0,3,10,10,2,1,3,7,1,0,0,0,96,0,7,7.5,0,4,7,4,7,4,4,7,1,0,0,0
14,3,41,0,0,6,6.5,0,10,10,2,2,9,2,2,0,0,0,0,28,0,6,8.0,0,2,8,6,9,10,4,9,0,0,0,0,35,0,6,7.0,1,0,6,6,4,5,5,9,0,0,0,0,97,1,6,6.5,1,10,10,2,1,3,7,1,0,0,0,0,89,0,6,7.0,0,7,4,7,4,4,7,1,0,0,0,0
14,4,11,0,0,5,5.5,1,0,2,2,9,2,2,0,0,0,0,0,20,0,5,7.5,0,8,6,9,10,4,9,0,0,0,0,0,35,0,5,6.0,1,0,6,4,5,5,9,0,0,0,0,0,97,0,5,5.5,1,10,2,1,3,7,1,0,0,0,0,0,89,0,5,6.0,1,0,7,4,4,7,1,0,0,0,0,0
14,5,3,0,0,4,5.0,0,0,2,9,2,2,0,0,0,0,0,0,20,1,4,6.5,1,0,9,10,4,9,0,0,0,0,0,0,29,0,4,5.5,0,6,4,5,5,9,0,0,0,0,0,0,97,0,4,4.5,1,0,1,3,7,1,0,0,0,0,0,0,82,0,4,5.5,0,7,4,4,7,1,0,0,0,0,0,0
14,6,0,0,0,3,4.0,1,0,9,2,2,0,0,0,0,0,0,0,11,1,3,6.0,0,9,10,4,9,0,0,0,0,0,0,0,29,0,3,4.5,1,0,5,5,9,0,0,0,0,0,0,0,97,0,3,3.5,1,0,3,7,1,0,0,0,0,0,0,0,82,0,3,4.5,1,0,4,7,1,0,0,0,0,0,0,0
14,7,0,0,0,2,3.0,1,0,2,2,0,0,0,0,0,0,0,0,11,1,2,5.0,1,0,4,9,0,0,0,0,0,0,0,0,24,0,2,4.0,0,5,5,9,0,0,0,0,0,0,0,0,94,0,2,3.0,0,3,7,1,0,0,0,0,0,0,0,0,78,0,2,4.0,0,4,7,1,0,0,0,0,0,0,0,0
14,8,0,0,0,1,2.0,1,0,2,0,0,0,0,0,0,0,0,0,7,1,1,4.5,0,4,9,0,0,0,0,0,0,0,0,0,19,0,1,3.5,0,5,9,0,0,0,0,0,0,0,0,0,87,0,1,2.5,0,7,1,0,0,0,0,0,0,0,0,0,71,1,1,3.5,0,7,1,0,0,0,0,0,0,0,0,0
14,9,0,0,0,0,1.0,1,0,0,0,0,0,0,0,0,0,0,0,7,0,0,3.5,1,0,0,0,0,0,0,0,0,0,0,0,19,0,0,2.5,1,0,0,0,0,0,0,0,0,0,0,0,86,1,0,2.0,0,1,0,0,0,0,0,0,0,0,0,0,71,0,0,2.5,1,0,0,0,0,0,0,0,0,0,0,0
15,0,86,10,1,9,9.0,1,9,4,10,5,3,9,1,4,5,7,0,45,0,9,9.5,0,5,10,9,5,8,1,3,5,7,9,0,50,0,9,9.0,1,0,4,8,10,2,3,5,2,2,4,0,97,1,9,9.5,0,3,7,9,7,10,7,8,1,10,8,0,100,0,9,9.0,1,0,10,5,5,1,6,3,9,1,10,0
15,1,82,10,1,8,8.0,1,4,10,5,3,9,1,4,5,7,0,0,35,0,8,9.0,0,10,9,5,8,1,3,5,7,9,0,0,46,0,8,8.5,0,4,8,10,2,3,5,2,2,4,0,0,90,0,8,9.0,0,7,9,7,10,7,8,1,10,8,0,0,90,0,8,8.5,0,10,5,5,1,6,3,9,1,10,0,0
15,2,59,0,1,7,7.5,0,10,5,3,9,1,4,5,7,0,0,0,35,0,7,8.0,1,0,5,8,1,3,5,7,9,0,0,0,38,0,7,8.0,0,8,10,2,3,5,2,2,4,0,0,0,90,0,7,8.0,1,0,7,10,7,8,1,10,8,0,0,0,90,0,7,7.5,1,0,5,1,6,3,9,1,10,0,0,0
15,3,49,0,1,6,6.5,1,0,3,9,1,4,5,7,0,0,0,0,30,0,6,7.5,0,5,8,1,3,5,7,9,0,0,0,0,28,1,6,7.5,0,10,2,3,5,2,2,4,0,0,0,0,83,0,6,7.5,0,7,10,7,8,1,10,8,0,0,0,0,90,1,6,6.5,1,0,1,6,3,9,1,10,0,0,0,0
15,4,38,0,1,5,5.5,1,0,9,1,4,5,7,0,0,0,0,0,30,0,5,6.5,1,0,1,3,5,7,9,0,0,0,0,0,26,1,5,7.0,0,2,3,5,2,2,4,0,0,0,0,0,73,0,5,7.0,0,10,7,8,1,10,8,0,0,0,0,0,89,1,5,6.0,0,1,6,3,9,1,10,0,0,0,0,0
15,5,22,0,1,4,5.0,0,0,1,4,5,7,0,0,0,0,0,0,29,0,4,6.0,0,1,3,5,7,9,0,0,0,0,0,0,26,1,4,6.0,1,3,5,2,2,4,0,0,0,0,0,0,73,0,4,6.0,1,0,8,1,10,8,0,0,0,0,0,0,89,1,4,5.0,1,6,3,9,1,10,0,0,0,0,0,0
15,6,16,0,1,3,4.0,1,0,4,5,7,0,0,0,0,0,0,0,26,0,3,5.5,0,3,5,7,9,0,0,0,0,0,0,0,26,1,3,5.0,1,5,2,2,4,0,0,0,0,0,0,0,65,0,3,5.5,0,8,1,10,8,0,0,0,0,0,0,0,86,0,3,4.5,0,3,9,1,10,0,0,0,0,0,0,0
15,7,0,0,1,2,3.0,1,0,5,7,0,0,0,0,0,0,0,0,26,0,2,4.5,1,0,7,9,0,0,0,0,0,0,0,0,24,1,2,4.5,0,2,2,4,0,0,0,0,0,0,0,0,64,0,2,5.0,0,1,10,8,0,0,0,0,0,0,0,0,86,0,2,3.5,1,0,1,10,0,0,0,0,0,0,0,0
15,8,0,0,1,1,2.0,1,0,7,0,0,0,0,0,0,0,0,0,19,0,1,4.0,0,7,9,0,0,0,0,0,0,0,0,0,22,1,1,4.0,0,2,4,0,0,0,0,0,0,0,0,0,64,0,1,4.0,1,0,8,0,0,0,0,0,0,0,0,0,86,0,1,2.5,1,0,10,0,0,0,0,0,0,0,0,0
15,9,0,0,1,0,1.5,0,0,0,0,0,0,0,0,0,0,0,0,19,1,0,3.0,1,0,0,0,0,0,0,0,0,0,0,0,18,1,0,3.5,0,4,0,0,0,0,0,0,0,0,0,0,64,1,0,3.0,1,0,0,0,0,0,0,0,0,0,0,0,86,1,0,1.5,1,0,0,0,0,0,0,0,0,0,0,0
16,0,80,10,0,9,9.0,1,0,2,6,10,8,4,8,8,5,5,0,49,1,9,9.5,0,1,7,2,9,2,1,10,10,9,8,0,49,0,9,9.5,0,1,4,5,3,6,10,4,9,1,2,0,100,1,9,9.0,1,10,8,3,1,5,10,9,6,7,2,0,100,0,9,9.0,1,0,6,5,8,1,10,3,5,8,2,0
16,1,67,8,0,8,8.5,0,2,6,10,8,4,8,8,5,5,0,0,49,1,8,8.5,1,7,2,9,2,1,10,10,9,8,0,0,45,0,8,9.0,0,4,5,3,6,10,4,9,1,2,0,0,92,1,8,8.5,0,8,3,1,5,10,9,6,7,2,0,0,100,0,8,8.0,1,0,5,8,1,10,3,5,8,2,0,0
16,2,61,8,0,7,7.5,1,0,10,8,4,8,8,5,5,0,0,0,47,1,7,8.0,0,2,9,2,1,10,10,9,8,0,0,0,40,0,7,8.5,0,5,3,6,10,4,9,1,2,0,0,0,89,1,7,8.0,0,3,1,5,10,9,6,7,2,0,0,0,95,0,7,7.5,0,5,8,1,10,3,5,8,2,0,0,0
16,3,52,0,0,6,7.0,0,0,8,4,8,8,5,5,0,0,0,0,47,1,6,7.0,1,9,2,1,10,10,9,8,0,0,0,0,37,0,6,8.0,0,3,6,10,4,9,1,2,0,0,0,0,88,1,6,7.5,0,1,5,10,9,6,7,2,0,0,0,0,87,0,6,7.0,0,8,1,10,3,5,8,2,0,0,0,0
16,4,42,0,0,5,6.0,1,0,4,8,8,5,5,0,0,0,0,0,47,1,5,6.0,1,2,1,10,10,9,8,0,0,0,0,0,31,0,5,7.5,0,6,10,4,9,1,2,0,0,0,0,0,83,1,5,7.0,0,5,10,9,6,7,2,0,0,0,0,0,86,0,5,6.5,0,1,10,3,5,8,2,0,0,0,0,0
16,5,31,0,0,4,5.5,0,0,8,8,5,5,0,0,0,0,0,0,47,1,4,5.0,1,1,10,10,9,8,0,0,0,0,0,0,21,0,4,7.0,0,10,4,9,1,2,0,0,0,0,0,0,73,1,4,6.5,0,10,9,6,7,2,0,0,0,0,0,0,86,0,4,5.5,1,0,3,5,8,2,0,0,0,0,0,0
16,6,27,0,0,3,5.0,0,0,8,5,5,0,0,0,0,0,0,0,37,0,3,4.5,0,10,10,9,8,0,0,0,0,0,0,0,21,1,3,6.0,1,0,9,1,2,0,0,0,0,0,0,0,64,1,3,6.0,0,9,6,7,2,0,0,0,0,0,0,0,83,0,3,5.0,0,3,5,8,2,0,0,0,0,0,0,0
16,7,4,0,0,2,4.0,1,0,5,5,0,0,0,0,0,0,0,0,37,0,2,3.5,1,0,9,8,0,0,0,0,0,0,0,0,12,1,2,5.5,0,9,1,2,0,0,0,0,0,0,0,0,58,1,2,5.5,0,6,7,2,0,0,0,0,0,0,0,0,83,0,2,4.0,1,0,8,2,0,0,0,0,0,0,0,0
16,8,0,0,0,1,3.0,1,0,5,0,0,0,0,0,0,0,0,0,37,1,1,2.5,1,0,8,0,0,0,0,0,0,0,0,0,11,1,1,5.0,0,1,2,0,0,0,0,0,0,0,0,0,58,1,1,4.5,1,0,2,0,0,0,0,0,0,0,0,0,75,0,1,3.5,0,8,2,0,0,0,0,0,0,0,0,0
16,9,0,0,0,0,2.5,0,0,0,0,0,0,0,0,0,0,0,0,37,1,0,1.5,1,0,0,0,0,0,0,0,0,0,0,0,9,1,0,4.5,0,2,0,0,0,0,0,0,0,0,0,0,56,1,0,4.0,0,2,0,0,0,0,0,0,0,0,0,0,75,0,0,2.5,1,0,0,0,0,0,0,0,0,0,0,0
17,0,78,10,1,9,9.0,1,3,5,5,3,9,9,6,7,1,2,0,50,1,9,9.0,1,0,3,2,7,1,5,2,3,8,7,0,50,1,9,9.0,1,3,8,4,4,5,7,5,2,3,6,0,100,0,9,9.0,1,0,2,2,7,3,7,3,1,5,3,0,95,1,9,9.5,0,5,8,5,3,3,7,6,3,7,6,0
17,1,65,5,1,8,8.5,0,5,5,3,9,9,6,7,1,2,0,0,50,1,8,8.0,1,3,2,7,1,5,2,3,8,7,0,0,50,1,8,8.0,1,8,4,4,5,7,5,2,3,6,0,0,100,0,8,8.0,1,0,2,7,3,7,3,1,5,3,0,0,87,0,8,9.0,0,8,5,3,3,7,6,3,7,6,0,0
17,2,61,0,1,7,8.0,0,5,3,9,9,6,7,1,2,0,0,0,50,0,7,7.0,1,2,7,1,5,2,3,8,7,0,0,0,46,1,7,7.5,0,4,4,5,7,5,2,3,6,0,0,0,100,0,7,7.0,1,0,7,3,7,3,1,5,3,0,0,0,82,0,7,8.5,0,5,3,3,7,6,3,7,6,0,0,0
17,3,54,0,1,6,7.5,0,0,9,9,6,7,1,2,0,0,0,0,50,0,6,6.0,1,0,1,5,2,3,8,7,0,0,0,0,42,1,6,7.0,0,4,5,7,5,2,3,6,0,0,0,0,93,1,6,6.5,0,7,3,7,3,1,5,3,0,0,0,0,79,0,6,8.0,0,3,3,7,6,3,7,6,0,0,0,0
17,4,41,0,1,5,6.5,1,0,9,6,7,1,2,0,0,0,0,0,50,0,5,5.0,1,0,5,2,3,8,7,0,0,0,0,0,37,1,5,6.5,0,5,7,5,2,3,6,0,0,0,0,0,93,1,5,5.5,1,3,7,3,1,5,3,0,0,0,0,0,76,1,5,7.5,0,3,7,6,3,7,6,0,0,0,0,0
17,5,18,0,1,4,5.5,1,0,6,7,1,2,0,0,0,0,0,0,45,0,4,4.5,0,5,2,3,8,7,0,0,0,0,0,0,37,1,4,5.5,1,7,5,2,3,6,0,0,0,0,0,0,86,1,4,5.0,0,7,3,1,5,3,0,0,0,0,0,0,76,1,4,6.5,1,7,6,3,7,6,0,0,0,0,0,0
17,6,1,0,1,3,4.5,1,0,7,1,2,0,0,0,0,0,0,0,43,0,3,4.0,0,2,3,8,7,0,0,0,0,0,0,0,37,1,3,4.5,1,5,2,3,6,0,0,0,0,0,0,0,83,1,3,4.5,0,3,1,5,3,0,0,0,0,0,0,0,76,1,3,5.5,1,6,3,7,6,0,0,0,0,0,0,0
17,7,1,0,1,2,4.0,0,0,1,2,0,0,0,0,0,0,0,0,40,0,2,3.5,0,3,8,7,0,0,0,0,0,0,0,0,35,1,2,4.0,0,2,3,6,0,0,0,0,0,0,0,0,82,1,2,4.0,0,1,5,3,0,0,0,0,0,0,0,0,73,1,2,5.0,0,3,7,6,0,0,0,0,0,0,0,0
17,8,0,0,1,1,3.0,1,0,2,0,0,0,0,0,0,0,0,0,40,0,1,2.5,1,0,7,0,0,0,0,0,0,0,0,0,35,1,1,3.0,1,0,6,0,0,0,0,0,0,0,0,0,82,1,1,3.0,1,0,3,0,0,0,0,0,0,0,0,0,66,1,1,4.5,0,7,6,0,0,0,0,0,0,0,0,0
17,9,0,0,1,0,2.0,1,0,0,0,0,0,0,0,0,0,0,0,40,1,0,1.5,1,0,0,0,0,0,0,0,0,0,0,0,29,1,0,2.5,0,6,0,0,0,0,0,0,0,0,0,0,82,1,0,2.0,1,0,0,0,0,0,0,0,0,0,0,0,60,1,0,4.0,0,6,0,0,0,0,0,0,0,0,0,0
18,0,86,10,0,9,9.0,1,0,10,9,7,8,2,8,1,9,6,0,49,1,9,9.5,0,1,4,3,1,3,4,5,1,2,8,0,43,1,9,9.5,0,7,9,6,10,5,2,2,2,8,3,0,100,0,9,9.0,1,0,2,1,8,2,10,9,3,4,3,0,100,0,9,9.0,1,0,8,8,8,5,6,3,2,7,5,0
18,1,76,0,0,8,8.5,0,10,9,7,8,2,8,1,9,6,0,0,45,1,8,9.0,0,4,3,1,3,4,5,1,2,8,0,0,34,1,8,9.0,0,9,6,10,5,2,2,2,8,3,0,0,100,0,8,8.0,1,0,1,8,2,10,9,3,4,3,0,0,100,0,8,8.0,1,0,8,8,5,6,3,2,7,5,0,0
18,2,58,0,0,7,7.5,1,0,7,8,2,8,1,9,6,0,0,0,42,0,7,8.5,0,3,1,3,4,5,1,2,8,0,0,0,28,1,7,8.5,0,6,10,5,2,2,2,8,3,0,0,0,100,0,7,7.0,1,0,8,2,10,9,3,4,3,0,0,0,100,1,7,7.0,1,0,8,5,6,3,2,7,5,0,0,0
18,3,34,0,0,6,6.5,1,0,8,2,8,1,9,6,0,0,0,0,42,0,6,7.5,1,0,3,4,5,1,2,8,0,0,0,0,18,1,6,8.0,0,10,5,2,2,2,8,3,0,0,0,0,100,0,6,6.0,1,0,2,10,9,3,4,3,0,0,0,0,100,0,6,6.0,1,8,5,6,3,2,7,5,0,0,0,0
18,4,24,0,0,5,5.5,1,0,2,8,1,9,6,0,0,0,0,0,39,1,5,7.0,0,3,4,5,1,2,8,0,0,0,0,0,13,1,5,7.5,0,5,2,2,2,8,3,0,0,0,0,0,100,0,5,5.0,1,0,10,9,3,4,3,0,0,0,0,0,95,1,5,5.5,0,5,6,3,2,7,5,0,0,0,0,0
18,5,12,0,0,4,4.5,1,0,8,1,9,6,0,0,0,0,0,0,39,1,4,6.0,1,4,5,1,2,8,0,0,0,0,0,0,11,1,4,7.0,0,2,2,2,8,3,0,0,0,0,0,0,90,0,4,4.5,0,10,9,3,4,3,0,0,0,0,0,0,95,1,4,4.5,1,6,3,2,7,5,0,0,0,0,0,0
18,6,1,0,0,3,3.5,1,0,1,9,6,0,0,0,0,0,0,0,34,0,3,5.5,0,5,1,2,8,0,0,0,0,0,0,0,9,0,3,6.5,0,2,2,8,3,0,0,0,0,0,0,0,81,0,3,4.0,0,9,3,4,3,0,0,0,0,0,0,0,95,1,3,3.5,1,3,2,7,5,0,0,0,0,0,0,0
18,7,0,0,0,2,3.0,0,0,9,6,0,0,0,0,0,0,0,0,33,0,2,5.0,0,1,2,8,0,0,0,0,0,0,0,0,9,0,2,5.5,1,0,8,3,0,0,0,0,0,0,0,0,78,0,2,3.5,0,3,4,3,0,0,0,0,0,0,0,0,93,1,2,3.0,0,2,7,5,0,0,0,0,0,0,0,0
18,8,0,0,0,1,2.5,0,0,6,0,0,0,0,0,0,0,0,0,31,0,1,4.5,0,2,8,0,0,0,0,0,0,0,0,0,9,0,1,4.5,1,0,3,0,0,0,0,0,0,0,0,0,74,0,1,3.0,0,4,3,0,0,0,0,0,0,0,0,0,86,1,1,2.5,0,7,5,0,0,0,0,0,0,0,0,0
18,9,0,0,0,0,2.0,0,0,0,0,0,0,0,0,0,0,0,0,31,0,0,3.5,1,0,0,0,0,0,0,0,0,0,0,0,6,0,0,4.0,0,3,0,0,0,0,0,0,0,0,0,0,74,0,0,2.0,1,0,0,0,0,0,0,0,0,0,0,0,86,1,0,1.5,1,0,0,0,0,0,0,0,0,0,0,0
19,0,100,8,1,9,9.5,0,2,9,8,3,1,1,6,2,8,1,0,49,0,9,9.5,0,1,5,2,10,3,10,8,2,3,1,0,48,1,9,9.5,0,2,8,5,4,4,2,2,4,9,3,0,95,0,9,9.5,0,5,9,6,5,6,2,3,8,1,4,0,94,0,9,9.5,0,6,9,2,3,6,10,4,5,6,1,0
19,1,77,8,1,8,8.5,1,0,8,3,1,1,6,2,8,1,0,0,49,0,8,8.5,1,0,2,10,3,10,8,2,3,1,0,0,40,1,8,9.0,0,8,5,4,4,2,2,4,9,3,0,0,95,0,8,8.5,1,0,6,5,6,2,3,8,1,4,0,0,85,0,8,9.0,0,9,2,3,6,10,4,5,6,1,0,0
19,2,62,8,1,7,7.5,1,8,3,1,1,6,2,8,1,0,0,0,47,0,7,8.0,0,2,10,3,10,8,2,3,1,0,0,0,40,1,7,8.0,1,5,4,4,2,2,4,9,3,0,0,0,89,0,7,8.0,0,6,5,6,2,3,8,1,4,0,0,0,85,0,7,8.0,1,0,3,6,10,4,5,6,1,0,0,0
19,3,37,8,1,6,6.5,1,3,1,1,6,2,8,1,0,0,0,0,47,0,6,7.0,1,0,3,10,8,2,3,1,0,0,0,0,40,1,6,7.0,1,4,4,2,2,4,9,3,0,0,0,0,89,0,6,7.0,1,0,6,2,3,8,1,4,0,0,0,0,85,0,6,7.0,1,0,6,10,4,5,6,1,0,0,0,0
19,4,36,8,1,5,5.5,1,1,1,6,2,8,1,0,0,0,0,0,44,0,5,6.5,0,3,10,8,2,3,1,0,0,0,0,0,36,1,5,6.5,0,4,2,2,4,9,3,0,0,0,0,0,83,0,5,6.5,0,6,2,3,8,1,4,0,0,0,0,0,79,0,5,6.5,0,6,10,4,5,6,1,0,0,0,0,0
19,5,13,8,1,4,4.5,1,1,6,2,8,1,0,0,0,0,0,0,44,0,4,5.5,1,0,8,2,3,1,0,0,0,0,0,0,36,0,4,5.5,1,2,2,4,9,3,0,0,0,0,0,0,81,0,4,6.0,0,2,3,8,1,4,0,0,0,0,0,0,79,0,4,5.5,1,0,4,5,6,1,0,0,0,0,0,0
19,6,0,2,1,3,4.0,0,6,2,8,1,0,0,0,0,0,0,0,44,0,3,4.5,1,0,2,3,1,0,0,0,0,0,0,0,34,0,3,5.0,0,2,4,9,3,0,0,0,0,0,0,0,81,0,3,5.0,1,0,8,1,4,0,0,0,0,0,0,0,79,0,3,4.5,1,0,5,6,1,0,0,0,0,0,0,0
19,7,0,0,1,2,3.5,0,2,8,1,0,0,0,0,0,0,0,0,42,0,2,4.0,0,2,3,1,0,0,0,0,0,0,0,0,30,0,2,4.5,0,4,9,3,0,0,0,0,0,0,0,0,81,0,2,4.0,1,0,1,4,0,0,0,0,0,0,0,0,74,1,2,4.0,0,5,6,1,0,0,0,0,0,0,0,0
19,8,0,0,1,1,2.5,1,0,1,0,0,0,0,0,0,0,0,0,42,1,1,3.0,1,0,1,0,0,0,0,0,0,0,0,0,21,0,1,4.0,0,9,3,0,0,0,0,0,0,0,0,0,80,0,1,3.5,0,1,4,0,0,0,0,0,0,0,0,0,68,0,1,3.5,0,6,1,0,0,0,0,0,0,0,0,0
19,9,0,0,1,0,2.0,0,0,0,0,0,0,0,0,0,0,0,0,42,1,0,2.0,1,0,0,0,0,0,0,0,0,0,0,0,18,0,0,3.5,0,3,0,0,0,0,0,0,0,0,0,0,76,0,0,3.0,0,4,0,0,0,0,0,0,0,0,0,0,68,1,0,2.5,1,0,0,0,0,0,0,0,0,0,0,0
20,0,83,10,1,9,9.0,1,7,5,5,8,9,7,8,7,1,6,0,43,1,9,9.5,0,7,9,7,2,6,1,8,7,4,7,0,43,1,9,9.5,0,7,8,10,2,1,7,1,4,10,7,0,100,1,9,9.0,1,10,10,3,9,10,10,5,10,7,6,0,94,0,9,9.5,0,6,9,5,7,1,2,4,7,2,3,0
20,1,60,10,0,8,8.0,1,5,5,8,9,7,8,7,1,6,0,0,43,1,8,8.5,1,9,7,2,6,1,8,7,4,7,0,0,35,1,8,9.0,0,8,10,2,1,7,1,4,10,7,0,0,90,1,8,8.5,0,10,3,9,10,10,5,10,7,6,0,0,94,0,8,8.5,1,0,5,7,1,2,4,7,2,3,0,0
20,2,40,5,0,7,7.5,0,5,8,9,7,8,7,1,6,0,0,0,43,1,7,7.5,1,7,2,6,1,8,7,4,7,0,0,0,35,0,7,8.0,1,10,2,1,7,1,4,10,7,0,0,0,90,1,7,7.5,1,3,9,10,10,5,10,7,6,0,0,0,89,0,7,8.0,0,5,7,1,2,4,7,2,3,0,0,0
20,3,23,5,0,6,6.5,1,0,9,7,8,7,1,6,0,0,0,0,41,1,6,7.0,0,2,6,1,8,7,4,7,0,0,0,0,35,0,6,7.0,1,0,1,7,1,4,10,7,0,0,0,0,81,1,6,7.0,0,9,10,10,5,10,7,6,0,0,0,0,89,0,6,7.0,1,0,1,2,4,7,2,3,0,0,0,0
20,4,11,0,0,5,6.0,0,0,7,8,7,1,6,0,0,0,0,0,35,1,5,6.5,0,6,1,8,7,4,7,0,0,0,0,0,35,0,5,6.0,1,0,7,1,4,10,7,0,0,0,0,0,81,0,5,6.0,1,10,10,5,10,7,6,0,0,0,0,0,89,0,5,6.0,1,0,2,4,7,2,3,0,0,0,0,0
20,5,0,0,0,4,5.0,1,0,8,7,1,6,0,0,0,0,0,0,35,1,4,5.5,1,1,8,7,4,7,0,0,0,0,0,0,35,1,4,5.0,1,0,1,4,10,7,0,0,0,0,0,0,71,0,4,5.5,0,10,5,10,7,6,0,0,0,0,0,0,89,0,4,5.0,1,0,4,7,2,3,0,0,0,0,0,0
20,6,0,0,0,3,4.5,0,0,7,1,6,0,0,0,0,0,0,0,35,1,3,4.5,1,0,7,4,7,0,0,0,0,0,0,0,35,1,3,4.0,1,0,4,10,7,0,0,0,0,0,0,0,66,0,3,5.0,0,5,10,7,6,0,0,0,0,0,0,0,89,0,3,4.0,1,0,7,2,3,0,0,0,0,0,0,0
20,7,0,0,0,2,4.0,0,0,1,6,0,0,0,0,0,0,0,0,35,1,2,3.5,1,0,4,7,0,0,0,0,0,0,0,0,35,1,2,3.0,1,0,10,7,0,0,0,0,0,0,0,0,66,0,2,4.0,1,0,7,6,0,0,0,0,0,0,0,0,89,0,2,3.0,1,0,2,3,0,0,0,0,0,0,0,0
20,8,0,0,0,1,3.0,1,0,6,0,0,0,0,0,0,0,0,0,31,1,1,3.0,0,4,7,0,0,0,0,0,0,0,0,0,35,0,1,2.0,1,0,7,0,0,0,0,0,0,0,0,0,59,0,1,3.5,0,7,6,0,0,0,0,0,0,0,0,0,87,1,1,2.5,0,2,3,0,0,0,0,0,0,0,0,0
20,9,0,0,0,0,2.0,1,0,0,0,0,0,0,0,0,0,0,0,31,1,0,2.0,1,0,0,0,0,0,0,0,0,0,0,0,28,0,0,1.5,0,7,0,0,0,0,0,0,0,0,0,0,59,0,0,2.5,1,0,0,0,0,0,0,0,0,0,0,0,87,1,0,1.5,1,0,0,0,0,0,0,0,0,0,0,0
21,0,83,0,0,9,9.5,0,10,9,4,10,4,8,4,7,3,2,0,50,1,9,9.0,1,2,1,5,8,9,4,8,7,9,3,0,50,1,9,9.0,1,9,6,5,5,4,6,4,10,4,6,0,100,1,9,9.0,1,6,3,10,1,8,4,6,3,5,4,0,91,1,9,9.5,0,9,8,2,5,8,2,3,2,9,5,0
21,1,63,0,0,8,8.5,1,0,4,10,4,8,4,7,3,2,0,0,49,1,8,8.5,0,1,5,8,9,4,8,7,9,3,0,0,44,1,8,8.5,0,6,5,5,4,6,4,10,4,6,0,0,100,0,8,8.0,1,3,10,1,8,4,6,3,5,4,0,0,91,1,8,8.5,1,8,2,5,8,2,3,2,9,5,0,0
21,2,42,0,0,7,7.5,1,0,10,4,8,4,7,3,2,0,0,0,49,0,7,7.5,1,5,8,9,4,8,7,9,3,0,0,0,39,1,7,8.0,0,5,5,4,6,4,10,4,6,0,0,0,100,0,7,7.0,1,0,1,8,4,6,3,5,4,0,0,0,91,0,7,7.5,1,2,5,8,2,3,2,9,5,0,0,0
21,3,23,0,0,6,7.0,0,0,4,8,4,7,3,2,0,0,0,0,49,0,6,6.5,1,0,9,4,8,7,9,3,0,0,0,0,39,1,6,7.0,1,5,4,6,4,10,4,6,0,0,0,0,100,0,6,6.0,1,0,8,4,6,3,5,4,0,0,0,0,91,1,6,6.5,1,0,8,2,3,2,9,5,0,0,0,0
21,4,11,0,1,5,6.0,1,0,8,4,7,3,2,0,0,0,0,0,40,0,5,6.0,0,9,4,8,7,9,3,0,0,0,0,0,35,1,5,6.5,0,4,6,4,10,4,6,0,0,0,0,0,100,0,5,5.0,1,0,4,6,3,5,4,0,0,0,0,0,83,1,5,6.0,0,8,2,3,2,9,5,0,0,0,0,0
21,5,0,0,1,4,5.5,0,0,4,7,3,2,0,0,0,0,0,0,36,0,4,5.5,0,4,8,7,9,3,0,0,0,0,0,0,35,1,4,5.5,1,6,4,10,4,6,0,0,0,0,0,0,100,1,4,4.0,1,0,6,3,5,4,0,0,0,0,0,0,83,0,4,5.0,1,0,3,2,9,5,0,0,0,0,0,0
21,6,0,0,1,3,5.0,0,0,7,3,2,0,0,0,0,0,0,0,36,0,3,4.5,1,0,7,9,3,0,0,0,0,0,0,0,35,1,3,4.5,1,0,10,4,6,0,0,0,0,0,0,0,100,1,3,3.0,1,0,3,5,4,0,0,0,0,0,0,0,83,0,3,4.0,1,0,2,9,5,0,0,0,0,0,0,0
21,7,0,0,1,2,4.0,1,0,3,2,0,0,0,0,0,0,0,0,36,0,2,3.5,1,0,9,3,0,0,0,0,0,0,0,0,25,1,2,4.0,0,10,4,6,0,0,0,0,0,0,0,0,100,0,2,2.0,1,0,5,4,0,0,0,0,0,0,0,0,83,0,2,3.0,1,0,9,5,0,0,0,0,0,0,0,0
21,8,0,0,1,1,3.0,1,0,2,0,0,0,0,0,0,0,0,0,36,0,1,2.5,1,0,3,0,0,0,0,0,0,0,0,0,25,1,1,3.0,1,0,6,0,0,0,0,0,0,0,0,0,100,0,1,1.0,1,0,4,0,0,0,0,0,0,0,0,0,83,0,1,2.0,1,0,5,0,0,0,0,0,0,0,0,0
21,9,0,0,1,0,2.5,0,0,0,0,0,0,0,0,0,0,0,0,33,0,0,2.0,0,3,0,0,0,0,0,0,0,0,0,0,19,1,0,2.5,0,6,0,0,0,0,0,0,0,0,0,0,100,0,0,0.0,1,0,0,0,0,0,0,0,0,0,0,0,83,0,0,1.0,1,0,0,0,0,0,0,0,0,0,0,0
22,0,85,6,1,9,9.5,0,4,8,3,4,7,9,1,1,7,1,0,50,1,9,9.0,1,9,2,9,1,7,4,9,6,7,2,0,40,0,9,9.5,0,10,10,2,10,6,1,8,6,4,3,0,100,0,9,9.0,1,0,2,1,10,5,8,3,1,6,9,0,93,0,9,9.5,0,7,8,6,6,3,1,4,10,1,7,0
22,1,65,0,1,8,9.0,0,0,3,4,7,9,1,1,7,1,0,0,48,1,8,8.5,0,2,9,1,7,4,9,6,7,2,0,0,40,0,8,8.5,1,0,2,10,6,1,8,6,4,3,0,0,100,0,8,8.0,1,0,1,10,5,8,3,1,6,9,0,0,93,0,8,8.5,1,0,6,6,3,1,4,10,1,7,0,0
22,2,52,0,1,7,8.0,1,0,4,7,9,1,1,7,1,0,0,0,48,1,7,7.5,1,9,1,7,4,9,6,7,2,0,0,0,38,0,7,8.0,0,2,10,6,1,8,6,4,3,0,0,0,100,0,7,7.0,1,0,10,5,8,3,1,6,9,0,0,0,87,0,7,8.0,0,6,6,3,1,4,10,1,7,0,0,0
22,3,35,0,1,6,7.5,0,0,7,9,1,1,7,1,0,0,0,0,48,1,6,6.5,1,1,7,4,9,6,7,2,0,0,0,0,28,0,6,7.5,0,10,6,1,8,6,4,3,0,0,0,0,100,0,6,6.0,1,0,5,8,3,1,6,9,0,0,0,0,87,0,6,7.0,1,0,3,1,4,10,1,7,0,0,0,0
22,4,22,0,1,5,7.0,0,0,9,1,1,7,1,0,0,0,0,0,48,0,5,5.5,1,7,4,9,6,7,2,0,0,0,0,0,28,0,5,6.5,1,0,1,8,6,4,3,0,0,0,0,0,95,0,5,5.5,0,5,8,3,1,6,9,0,0,0,0,0,84,0,5,6.5,0,3,1,4,10,1,7,0,0,0,0,0
22,5,0,0,1,4,6.0,1,0,1,1,7,1,0,0,0,0,0,0,48,0,4,4.5,1,0,9,6,7,2,0,0,0,0,0,0,28,1,4,5.5,1,0,8,6,4,3,0,0,0,0,0,0,95,0,4,4.5,1,0,3,1,6,9,0,0,0,0,0,0,83,0,4,6.0,0,1,4,10,1,7,0,0,0,0,0,0
22,6,0,0,1,3,5.0,1,0,1,7,1,0,0,0,0,0,0,0,48,0,3,3.5,1,0,6,7,2,0,0,0,0,0,0,0,28,1,3,4.5,1,0,6,4,3,0,0,0,0,0,0,0,95,0,3,3.5,1,0,1,6,9,0,0,0,0,0,0,0,83,1,3,5.0,1,0,10,1,7,0,0,0,0,0,0,0
22,7,0,0,1,2,4.0,1,0,7,1,0,0,0,0,0,0,0,0,42,0,2,3.0,0,6,7,2,0,0,0,0,0,0,0,0,28,1,2,3.5,1,0,4,3,0,0,0,0,0,0,0,0,94,0,2,3.0,0,1,6,9,0,0,0,0,0,0,0,0,83,1,2,4.0,1,0,1,7,0,0,0,0,0,0,0,0
22,8,0,0,1,1,3.5,0,0,1,0,0,0,0,0,0,0,0,0,35,0,1,2.5,0,7,2,0,0,0,0,0,0,0,0,0,28,1,1,2.5,1,0,3,0,0,0,0,0,0,0,0,0,94,0,1,2.0,1,0,9,0,0,0,0,0,0,0,0,0,82,0,1,3.5,0,1,7,0,0,0,0,0,0,0,0,0
22,9,0,0,1,0,2.5,1,0,0,0,0,0,0,0,0,0,0,0,35,0,0,1.5,1,0,0,0,0,0,0,0,0,0,0,0,25,1,0,2.0,0,3,0,0,0,0,0,0,0,0,0,0,85,0,0,1.5,0,9,0,0,0,0,0,0,0,0,0,0,75,0,0,3.0,0,7,0,0,0,0,0,0,0,0,0,0
23,0,89,5,0,9,9.5,0,5,5,7,4,9,8,3,5,4,1,0,41,1,9,9.5,0,9,4,3,9,9,2,5,3,1,1,0,50,1,9,9.0,1,4,1,7,7,4,1,1,8,5,2,0,100,0,9,9.0,1,7,5,6,1,5,8,3,1,10,10,0,92,1,9,9.5,0,8,6,7,7,7,4,1,6,1,10,0
23,1,73,5,0,8,8.5,1,0,7,4,9,8,3,5,4,1,0,0,41,1,8,8.5,1,4,3,9,9,2,5,3,1,1,0,0,50,1,8,8.0,1,1,7,7,4,1,1,8,5,2,0,0,95,0,8,8.5,0,5,6,1,5,8,3,1,10,10,0,0,92,1,8,8.5,1,6,7,7,7,4,1,6,1,10,0,0
23,2,66,0,0,7,8.0,0,0,4,9,8,3,5,4,1,0,0,0,38,1,7,8.0,0,3,9,9,2,5,3,1,1,0,0,0,50,1,7,7.0,1,7,7,4,1,1,8,5,2,0,0,0,89,0,7,8.0,0,6,1,5,8,3,1,10,10,0,0,0,85,1,7,8.0,0,7,7,7,4,1,6,1,10,0,0,0
23,3,58,0,0,6,7.5,0,0,9,8,3,5,4,1,0,0,0,0,29,1,6,7.5,0,9,9,2,5,3,1,1,0,0,0,0,43,1,6,6.5,0,7,4,1,1,8,5,2,0,0,0,0,89,0,6,7.0,1,0,5,8,3,1,10,10,0,0,0,0,85,1,6,7.0,1,7,7,4,1,6,1,10,0,0,0,0
23,4,49,0,0,5,7.0,0,0,8,3,5,4,1,0,0,0,0,0,20,1,5,7.0,0,9,2,5,3,1,1,0,0,0,0,0,43,1,5,5.5,1,4,1,1,8,5,2,0,0,0,0,0,89,1,5,6.0,1,0,8,3,1,10,10,0,0,0,0,0,78,1,5,6.5,0,7,4,1,6,1,10,0,0,0,0,0
23,5,32,0,1,4,6.0,1,0,3,5,4,1,0,0,0,0,0,0,18,1,4,6.5,0,2,5,3,1,1,0,0,0,0,0,0,43,1,4,4.5,1,1,1,8,5,2,0,0,0,0,0,0,89,0,4,5.0,1,8,3,1,10,10,0,0,0,0,0,0,74,1,4,6.0,0,4,1,6,1,10,0,0,0,0,0,0
23,6,26,0,1,3,5.5,0,0,5,4,1,0,0,0,0,0,0,0,18,1,3,5.5,1,5,3,1,1,0,0,0,0,0,0,0,43,1,3,3.5,1,1,8,5,2,0,0,0,0,0,0,0,86,0,3,4.5,0,3,1,10,10,0,0,0,0,0,0,0,73,1,3,5.5,0,1,6,1,10,0,0,0,0,0,0,0
23,7,11,0,1,2,5.0,0,0,4,1,0,0,0,0,0,0,0,0,15,1,2,5.0,0,3,1,1,0,0,0,0,0,0,0,0,43,1,2,2.5,1,8,5,2,0,0,0,0,0,0,0,0,86,0,2,3.5,1,0,10,10,0,0,0,0,0,0,0,0,73,1,2,4.5,1,6,1,10,0,0,0,0,0,0,0,0
23,8,10,0,1,1,4.5,0,0,1,0,0,0,0,0,0,0,0,0,15,1,1,4.0,1,1,1,0,0,0,0,0,0,0,0,0,38,1,1,2.0,0,5,2,0,0,0,0,0,0,0,0,0,76,0,1,3.0,0,10,10,0,0,0,0,0,0,0,0,0,72,0,1,4.0,0,1,10,0,0,0,0,0,0,0,0,0
23,9,0,0,1,0,4.0,0,0,0,0,0,0,0,0,0,0,0,0,14,1,0,3.5,0,1,0,0,0,0,0,0,0,0,0,0,38,1,0,1.0,1,2,0,0,0,0,0,0,0,0,0,0,66,0,0,2.5,0,10,0,0,0,0,0,0,0,0,0,0,72,0,0,3.0,1,0,0,0,0,0,0,0,0,0,0,0
24,0,87,2,1,9,9.5,0,8,3,9,2,10,9,1,9,6,1,0,50,1,9,9.0,1,6,8,2,8,1,10,7,8,3,1,0,50,0,9,9.0,1,0,6,2,2,2,4,10,8,3,3,0,100,1,9,9.0,1,1,7,3,10,2,4,6,10,4,7,0,99,0,9,9.5,0,1,2,8,1,5,2,3,4,9,9,0
24,1,61,2,1,8,8.5,1,0,9,2,10,9,1,9,6,1,0,0,50,1,8,8.0,1,8,2,8,1,10,7,8,3,1,0,0,50,0,8,8.0,1,0,2,2,2,4,10,8,3,3,0,0,100,1,8,8.0,1,7,3,10,2,4,6,10,4,7,0,0,99,0,8,8.5,1,0,8,1,5,2,3,4,9,9,0,0
24,2,52,2,1,7,7.5,1,0,2,10,9,1,9,6,1,0,0,0,48,0,7,7.5,0,2,8,1,10,7,8,3,1,0,0,0,48,0,7,7.5,0,2,2,2,4,10,8,3,3,0,0,0,97,1,7,7.5,0,3,10,2,4,6,10,4,7,0,0,0,91,0,7,8.0,0,8,1,5,2,3,4,9,9,0,0,0
24,3,32,0,1,6,7.0,0,2,10,9,1,9,6,1,0,0,0,0,48,0,6,6.5,1,0,1,10,7,8,3,1,0,0,0,0,48,0,6,6.5,1,0,2,4,10,8,3,3,0,0,0,0,97,0,6,6.5,1,10,2,4,6,10,4,7,0,0,0,0,90,0,6,7.5,0,1,5,2,3,4,9,9,0,0,0,0
24,4,24,0,1,5,6.5,0,0,9,1,9,6,1,0,0,0,0,0,48,0,5,5.5,1,0,10,7,8,3,1,0,0,0,0,0,46,0,5,6.0,0,2,4,10,8,3,3,0,0,0,0,0,97,1,5,5.5,1,0,4,6,10,4,7,0,0,0,0,0,90,0,5,6.5,1,0,2,3,4,9,9,0,0,0,0,0
24,5,0,0,1,4,5.5,1,0,1,9,6,1,0,0,0,0,0,0,48,0,4,4.5,1,0,7,8,3,1,0,0,0,0,0,0,46,1,4,5.0,1,0,10,8,3,3,0,0,0,0,0,0,97,1,4,4.5,1,0,6,10,4,7,0,0,0,0,0,0,88,0,4,6.0,0,2,3,4,9,9,0,0,0,0,0,0
24,6,0,0,1,3,4.5,1,0,9,6,1,0,0,0,0,0,0,0,41,0,3,4.0,0,7,8,3,1,0,0,0,0,0,0,0,36,1,3,4.5,0,10,8,3,3,0,0,0,0,0,0,0,97,1,3,3.5,1,0,10,4,7,0,0,0,0,0,0,0,88,0,3,5.0,1,0,4,9,9,0,0,0,0,0,0,0
24,7,0,0,1,2,4.0,0,0,6,1,0,0,0,0,0,0,0,0,33,1,2,3.5,0,8,3,1,0,0,0,0,0,0,0,0,36,0,2,3.5,1,0,3,3,0,0,0,0,0,0,0,0,87,1,2,3.0,0,10,4,7,0,0,0,0,0,0,0,0,88,0,2,4.0,1,0,9,9,0,0,0,0,0,0,0,0
24,8,0,0,1,1,3.5,0,0,1,0,0,0,0,0,0,0,0,0,30,0,1,3.0,0,3,1,0,0,0,0,0,0,0,0,0,36,0,1,2.5,1,0,3,0,0,0,0,0,0,0,0,0,87,1,1,2.0,1,0,7,0,0,0,0,0,0,0,0,0,88,0,1,3.0,1,0,9,0,0,0,0,0,0,0,0,0
24,9,0,0,1,0,2.5,1,0,0,0,0,0,0,0,0,0,0,0,29,0,0,2.5,0,1,0,0,0,0,0,0,0,0,0,0,33,0,0,2.0,0,3,0,0,0,0,0,0,0,0,0,0,80,1,0,1.5,0,7,0,0,0,0,0,0,0,0,0,0,88,1,0,2.0,1,0,0,0,0,0,0,0,0,0,0,0
25,0,93,10,1,9,9.0,1,5,7,1,8,3,9,4,4,1,1,0,48,1,9,9.5,0,2,6,10,3,6,1,1,10,3,5,0,42,0,9,9.5,0,8,8,10,9,4,5,7,1,8,3,0,97,0,9,9.5,0,3,9,2,5,7,1,6,7,1,6,0,100,0,9,9.0,1,0,7,9,2,3,9,2,4,2,7,0
25,1,64,10,1,8,8.0,1,7,1,8,3,9,4,4,1,1,0,0,48,1,8,8.5,1,6,10,3,6,1,1,10,3,5,0,0,34,1,8,9.0,0,8,10,9,4,5,7,1,8,3,0,0,97,0,8,8.5,1,0,2,5,7,1,6,7,1,6,0,0,100,0,8,8.0,1,0,9,2,3,9,2,4,2,7,0,0
25,2,33,9,1,7,7.5,0,1,8,3,9,4,4,1,1,0,0,0,48,1,7,7.5,1,10,3,6,1,1,10,3,5,0,0,0,34,1,7,8.0,1,10,9,4,5,7,1,8,3,0,0,0,97,0,7,7.5,1,0,5,7,1,6,7,1,6,0,0,0,100,0,7,7.0,1,0,2,3,9,2,4,2,7,0,0,0
25,3,21,1,1,6,7.0,0,8,3,9,4,4,1,1,0,0,0,0,48,1,6,6.5,1,3,6,1,1,10,3,5,0,0,0,0,34,1,6,7.0,1,9,4,5,7,1,8,3,0,0,0,0,92,0,6,7.0,0,5,7,1,6,7,1,6,0,0,0,0,98,0,6,6.5,0,2,3,9,2,4,2,7,0,0,0,0
25,4,11,0,1,5,6.5,0,0,9,4,4,1,1,0,0,0,0,0,42,1,5,6.0,0,6,1,1,10,3,5,0,0,0,0,0,30,1,5,6.5,0,4,5,7,1,8,3,0,0,0,0,0,92,0,5,6.0,1,0,1,6,7,1,6,0,0,0,0,0,98,0,5,5.5,1,0,9,2,4,2,7,0,0,0,0,0
25,5,0,0,1,4,5.5,1,0,4,4,1,1,0,0,0,0,0,0,42,1,4,5.0,1,1,1,10,3,5,0,0,0,0,0,0,30,1,4,5.5,1,0,7,1,8,3,0,0,0,0,0,0,91,0,4,5.5,0,1,6,7,1,6,0,0,0,0,0,0,98,0,4,4.5,1,0,2,4,2,7,0,0,0,0,0,0
25,6,0,0,1,3,5.0,0,0,4,1,1,0,0,0,0,0,0,0,42,1,3,4.0,1,0,10,3,5,0,0,0,0,0,0,0,23,1,3,5.0,0,7,1,8,3,0,0,0,0,0,0,0,85,1,3,5.0,0,6,7,1,6,0,0,0,0,0,0,0,98,0,3,3.5,1,0,4,2,7,0,0,0,0,0,0,0
25,7,0,0,1,2,4.0,1,0,1,1,0,0,0,0,0,0,0,0,32,1,2,3.5,0,10,3,5,0,0,0,0,0,0,0,0,22,1,2,4.5,0,1,8,3,0,0,0,0,0,0,0,0,78,0,2,4.5,0,7,1,6,0,0,0,0,0,0,0,0,94,0,2,3.0,0,4,2,7,0,0,0,0,0,0,0,0
25,8,0,0,1,1,3.0,1,0,1,0,0,0,0,0,0,0,0,0,32,0,1,2.5,1,0,5,0,0,0,0,0,0,0,0,0,14,1,1,4.0,0,8,3,0,0,0,0,0,0,0,0,0,78,0,1,3.5,1,0,6,0,0,0,0,0,0,0,0,0,94,0,1,2.0,1,0,7,0,0,0,0,0,0,0,0,0
25,9,0,0,1,0,2.0,1,0,0,0,0,0,0,0,0,0,0,0,32,0,0,1.5,1,0,0,0,0,0,0,0,0,0,0,0,11,1,0,3.5,0,3,0,0,0,0,0,0,0,0,0,0,72,0,0,3.0,0,6,0,0,0,0,0,0,0,0,0,0,87,0,0,1.5,0,7,0,0,0,0,0,0,0,0,0,0
26,0,91,6,0,9,9.5,0,4,6,4,4,2,4,1,3,7,2,0,50,0,9,9.0,1,0,5,10,7,1,10,2,2,5,8,0,45,0,9,9.5,0,5,6,7,9,10,10,8,9,6,8,0,98,0,9,9.5,0,2,9,6,4,9,6,10,10,7,1,0,91,1,9,9.5,0,9,1,6,2,2,2,6,8,2,3,0
26,1,73,6,0,8,8.5,1,0,4,4,2,4,1,3,7,2,0,0,50,0,8,8.0,1,0,10,7,1,10,2,2,5,8,0,0,45,0,8,8.5,1,0,7,9,10,10,8,9,6,8,0,0,89,0,8,9.0,0,9,6,4,9,6,10,10,7,1,0,0,91,0,8,8.5,1,1,6,2,2,2,6,8,2,3,0,0
26,2,57,2,0,7,8.0,0,4,4,2,4,1,3,7,2,0,0,0,50,0,7,7.0,1,0,7,1,10,2,2,5,8,0,0,0,38,0,7,8.0,0,7,9,10,10,8,9,6,8,0,0,0,89,1,7,8.0,1,0,4,9,6,10,10,7,1,0,0,0,85,0,7,8.0,0,6,2,2,2,6,8,2,3,0,0,0
26,3,40,2,0,6,7.0,1,0,2,4,1,3,7,2,0,0,0,0,50,0,6,6.0,1,0,1,10,2,2,5,8,0,0,0,0,29,0,6,7.5,0,9,10,10,8,9,6,8,0,0,0,0,89,1,6,7.0,1,4,9,6,10,10,7,1,0,0,0,0,85,0,6,7.0,1,0,2,2,6,8,2,3,0,0,0,0
26,4,39,0,0,5,6.5,0,2,4,1,3,7,2,0,0,0,0,0,50,0,5,5.0,1,0,10,2,2,5,8,0,0,0,0,0,19,1,5,7.0,0,10,10,8,9,6,8,0,0,0,0,0,80,1,5,6.5,0,9,6,10,10,7,1,0,0,0,0,0,83,0,5,6.5,0,2,2,6,8,2,3,0,0,0,0,0
26,5,21,0,0,4,6.0,0,0,1,3,7,2,0,0,0,0,0,0,40,0,4,4.5,0,10,2,2,5,8,0,0,0,0,0,0,19,1,4,6.0,1,10,8,9,6,8,0,0,0,0,0,0,80,1,4,5.5,1,6,10,10,7,1,0,0,0,0,0,0,83,0,4,5.5,1,0,6,8,2,3,0,0,0,0,0,0
26,6,6,0,0,3,5.0,1,0,3,7,2,0,0,0,0,0,0,0,38,0,3,4.0,0,2,2,5,8,0,0,0,0,0,0,0,19,1,3,5.0,1,8,9,6,8,0,0,0,0,0,0,0,70,1,3,5.0,0,10,10,7,1,0,0,0,0,0,0,0,83,0,3,4.5,1,0,8,2,3,0,0,0,0,0,0,0
26,7,0,0,0,2,4.5,0,0,7,2,0,0,0,0,0,0,0,0,38,0,2,3.0,1,0,5,8,0,0,0,0,0,0,0,0,19,1,2,4.0,1,0,6,8,0,0,0,0,0,0,0,0,70,1,2,4.0,1,0,7,1,0,0,0,0,0,0,0,0,83,0,2,3.5,1,0,2,3,0,0,0,0,0,0,0,0
26,8,0,0,0,1,3.5,1,0,2,0,0,0,0,0,0,0,0,0,33,1,1,2.5,0,5,8,0,0,0,0,0,0,0,0,0,19,1,1,3.0,1,0,8,0,0,0,0,0,0,0,0,0,63,0,1,3.5,0,7,1,0,0,0,0,0,0,0,0,0,83,1,1,2.5,1,0,3,0,0,0,0,0,0,0,0,0
26,9,0,0,0,0,2.5,1,0,0,0,0,0,0,0,0,0,0,0,33,1,0,1.5,1,0,0,0,0,0,0,0,0,0,0,0,19,1,0,2.0,1,0,0,0,0,0,0,0,0,0,0,0,63,0,0,2.5,1,0,0,0,0,0,0,0,0,0,0,0,83,1,0,1.5,1,0,0,0,0,0,0,0,0,0,0,0
27,0,74,10,1,9,9.0,1,7,4,1,5,7,1,10,1,7,3,0,50,1,9,9.0,1,0,3,1,9,10,4,3,8,7,1,0,49,1,9,9.5,0,1,6,2,3,9,3,1,2,1,1,0,100,0,9,9.0,1,0,8,6,2,6,9,4,4,10,10,0,100,1,9,9.0,1,0,2,8,9,7,4,10,10,9,7,0
27,1,57,10,1,8,8.0,1,4,1,5,7,1,10,1,7,3,0,0,50,1,8,8.0,1,3,1,9,10,4,3,8,7,1,0,0,43,1,8,9.0,0,6,2,3,9,3,1,2,1,1,0,0,100,0,8,8.0,1,0,6,2,6,9,4,4,10,10,0,0,100,1,8,8.0,1,2,8,9,7,4,10,10,9,7,0,0
27,2,40,10,1,7,7.0,1,1,5,7,1,10,1,7,3,0,0,0,49,1,7,7.5,0,1,9,10,4,3,8,7,1,0,0,0,43,1,7,8.0,1,2,3,9,3,1,2,1,1,0,0,0,100,1,7,7.0,1,0,2,6,9,4,4,10,10,0,0,0,100,1,7,7.0,1,8,9,7,4,10,10,9,7,0,0,0
27,3,32,10,1,6,6.0,1,5,7,1,10,1,7,3,0,0,0,0,40,0,6,7.0,0,9,10,4,3,8,7,1,0,0,0,0,43,1,6,7.0,1,3,9,3,1,2,1,1,0,0,0,0,98,0,6,6.5,0,2,6,9,4,4,10,10,0,0,0,0,91,1,6,6.5,0,9,7,4,10,10,9,7,0,0,0,0
27,4,0,10,1,5,5.0,1,7,1,10,1,7,3,0,0,0,0,0,40,0,5,6.0,1,0,4,3,8,7,1,0,0,0,0,0,43,1,5,6.0,1,9,3,1,2,1,1,0,0,0,0,0,92,0,5,6.0,0,6,9,4,4,10,10,0,0,0,0,0,91,1,5,5.5,1,0,4,10,10,9,7,0,0,0,0,0
27,5,0,9,1,4,4.5,0,1,10,1,7,3,0,0,0,0,0,0,36,0,4,5.5,0,4,3,8,7,1,0,0,0,0,0,0,43,1,4,5.0,1,0,1,2,1,1,0,0,0,0,0,0,92,0,4,5.0,1,0,4,4,10,10,0,0,0,0,0,0,91,1,4,4.5,1,0,10,10,9,7,0,0,0,0,0,0
27,6,0,9,1,3,3.5,1,0,1,7,3,0,0,0,0,0,0,0,33,0,3,5.0,0,3,8,7,1,0,0,0,0,0,0,0,42,1,3,4.5,0,1,2,1,1,0,0,0,0,0,0,0,92,1,3,4.0,1,0,4,10,10,0,0,0,0,0,0,0,91,1,3,3.5,1,0,10,9,7,0,0,0,0,0,0,0
27,7,0,9,1,2,2.5,1,0,7,3,0,0,0,0,0,0,0,0,33,0,2,4.0,1,0,7,1,0,0,0,0,0,0,0,0,40,1,2,4.0,0,2,1,1,0,0,0,0,0,0,0,0,92,1,2,3.0,1,0,10,10,0,0,0,0,0,0,0,0,91,0,2,2.5,1,0,9,7,0,0,0,0,0,0,0,0
27,8,0,9,1,1,1.5,1,0,3,0,0,0,0,0,0,0,0,0,26,0,1,3.5,0,7,1,0,0,0,0,0,0,0,0,0,39,1,1,3.5,0,1,1,0,0,0,0,0,0,0,0,0,92,1,1,2.0,1,0,10,0,0,0,0,0,0,0,0,0,91,0,1,1.5,1,0,7,0,0,0,0,0,0,0,0,0
27,9,0,9,1,0,0.5,1,0,0,0,0,0,0,0,0,0,0,0,25,0,0,3.0,0,1,0,0,0,0,0,0,0,0,0,0,38,1,0,3.0,0,1,0,0,0,0,0,0,0,0,0,0,92,0,0,1.0,1,0,0,0,0,0,0,0,0,0,0,0,84,0,0,1.0,0,7,0,0,0,0,0,0,0,0,0,0
28,0,89,3,0,9,9.5,0,7,5,3,5,5,3,5,9,8,8,0,50,1,9,9.0,1,9,6,3,9,6,7,5,8,4,6,0,43,0,9,9.5,0,7,4,7,5,10,2,7,6,10,9,0,100,1,9,9.0,1,2,3,5,6,3,2,7,7,5,2,0,90,0,9,9.5,0,10,10,10,2,7,10,3,4,10,6,0
28,1,68,3,0,8,8.5,1,0,3,5,5,3,5,9,8,8,0,0,50,1,8,8.0,1,6,3,9,6,7,5,8,4,6,0,0,39,0,8,9.0,0,4,7,5,10,2,7,6,10,9,0,0,97,0,8,8.5,0,3,5,6,3,2,7,7,5,2,0,0,90,0,8,8.5,1,0,10,2,7,10,3,4,10,6,0,0
28,2,46,0,0,7,8.0,0,3,5,5,3,5,9,8,8,0,0,0,47,1,7,7.5,0,3,9,6,7,5,8,4,6,0,0,0,39,0,7,8.0,1,0,5,10,2,7,6,10,9,0,0,0,97,0,7,7.5,1,0,6,3,2,7,7,5,2,0,0,0,90,0,7,7.5,1,0,2,7,10,3,4,10,6,0,0,0
28,3,34,0,0,6,7.0,1,0,5,3,5,9,8,8,0,0,0,0,38,1,6,7.0,0,9,6,7,5,8,4,6,0,0,0,0,39,0,6,7.0,1,0,10,2,7,6,10,9,0,0,0,0,91,0,6,7.0,0,6,3,2,7,7,5,2,0,0,0,0,90,0,6,6.5,1,0,7,10,3,4,10,6,0,0,0,0
28,4,13,0,0,5,6.0,1,0,3,5,9,8,8,0,0,0,0,0,38,1,5,6.0,1,6,7,5,8,4,6,0,0,0,0,0,29,0,5,6.5,0,10,2,7,6,10,9,0,0,0,0,0,91,0,5,6.0,1,0,2,7,7,5,2,0,0,0,0,0,90,0,5,5.5,1,0,10,3,4,10,6,0,0,0,0,0
28,5,0,0,0,4,5.5,0,0,5,9,8,8,0,0,0,0,0,0,38,1,4,5.0,1,7,5,8,4,6,0,0,0,0,0,0,27,0,4,6.0,0,2,7,6,10,9,0,0,0,0,0,0,91,0,4,5.0,1,0,7,7,5,2,0,0,0,0,0,0,90,0,4,4.5,1,0,3,4,10,6,0,0,0,0,0,0
28,6,0,0,0,3,5.0,0,0,9,8,8,0,0,0,0,0,0,0,33,0,3,4.5,0,5,8,4,6,0,0,0,0,0,0,0,27,0,3,5.0,1,0,6,10,9,0,0,0,0,0,0,0,91,0,3,4.0,1,0,7,5,2,0,0,0,0,0,0,0,87,0,3,4.0,0,3,4,10,6,0,0,0,0,0,0,0
28,7,0,0,0,2,4.0,1,0,8,8,0,0,0,0,0,0,0,0,33,0,2,3.5,1,0,4,6,0,0,0,0,0,0,0,0,21,0,2,4.5,0,6,10,9,0,0,0,0,0,0,0,0,84,0,2,3.5,0,7,5,2,0,0,0,0,0,0,0,0,83,0,2,3.5,0,4,10,6,0,0,0,0,0,0,0,0
28,8,0,0,0,1,3.5,0,0,8,0,0,0,0,0,0,0,0,0,33,0,1,2.5,1,0,6,0,0,0,0,0,0,0,0,0,21,0,1,3.5,1,0,9,0,0,0,0,0,0,0,0,0,79,0,1,3.0,0,5,2,0,0,0,0,0,0,0,0,0,73,0,1,3.0,0,10,6,0,0,0,0,0,0,0,0,0
28,9,0,0,0,0,2.5,1,0,0,0,0,0,0,0,0,0,0,0,33,0,0,1.5,1,0,0,0,0,0,0,0,0,0,0,0,12,0,0,3.0,0,9,0,0,0,0,0,0,0,0,0,0,79,0,0,2.0,1,0,0,0,0,0,0,0,0,0,0,0,73,0,0,2.0,1,0,0,0,0,0,0,0,0,0,0,0
29,0,92,2,1,9,9.5,0,8,8,8,6,8,9,3,6,2,1,0,50,1,9,9.0,1,5,1,3,10,8,2,5,5,1,6,0,43,0,9,9.5,0,7,3,2,1,5,9,5,5,7,10,0,100,1,9,9.0,1,3,7,5,9,3,4,6,10,3,8,0,98,1,9,9.5,0,2,3,10,8,1,5,8,3,1,2,0
29,1,78,0,1,8,9.0,0,0,8,6,8,9,3,6,2,1,0,0,50,1,8,8.0,1,1,3,10,8,2,5,5,1,6,0,0,43,0,8,8.5,1,0,2,1,5,9,5,5,7,10,0,0,100,1,8,8.0,1,7,5,9,3,4,6,10,3,8,0,0,98,0,8,8.5,1,3,10,8,1,5,8,3,1,2,0,0
29,2,71,0,1,7,8.5,0,0,6,8,9,3,6,2,1,0,0,0,47,1,7,7.5,0,3,10,8,2,5,5,1,6,0,0,0,43,0,7,7.5,1,0,1,5,9,5,5,7,10,0,0,0,100,0,7,7.0,1,5,9,3,4,6,10,3,8,0,0,0,88,0,7,8.0,0,10,8,1,5,8,3,1,2,0,0,0
29,3,53,0,1,6,8.0,0,0,8,9,3,6,2,1,0,0,0,0,47,1,6,6.5,1,10,8,2,5,5,1,6,0,0,0,0,42,0,6,7.0,0,1,5,9,5,5,7,10,0,0,0,0,91,0,6,6.5,0,9,3,4,6,10,3,8,0,0,0,0,88,0,6,7.0,1,0,1,5,8,3,1,2,0,0,0,0
29,4,34,0,1,5,7.0,1,0,9,3,6,2,1,0,0,0,0,0,47,1,5,5.5,1,8,2,5,5,1,6,0,0,0,0,0,37,0,5,6.5,0,5,9,5,5,7,10,0,0,0,0,0,91,0,5,5.5,1,0,4,6,10,3,8,0,0,0,0,0,87,1,5,6.5,0,1,5,8,3,1,2,0,0,0,0,0
29,5,14,0,1,4,6.0,1,0,3,6,2,1,0,0,0,0,0,0,47,1,4,4.5,1,2,5,5,1,6,0,0,0,0,0,0,37,0,4,5.5,1,0,5,5,7,10,0,0,0,0,0,0,87,0,4,5.0,0,4,6,10,3,8,0,0,0,0,0,0,82,1,4,6.0,0,5,8,3,1,2,0,0,0,0,0,0
29,6,1,0,1,3,5.5,0,0,6,2,1,0,0,0,0,0,0,0,42,1,3,4.0,0,5,5,1,6,0,0,0,0,0,0,0,37,0,3,4.5,1,0,5,7,10,0,0,0,0,0,0,0,81,0,3,4.5,0,6,10,3,8,0,0,0,0,0,0,0,82,1,3,5.0,1,8,3,1,2,0,0,0,0,0,0,0
29,7,0,0,1,2,5.0,0,0,2,1,0,0,0,0,0,0,0,0,42,1,2,3.0,1,0,1,6,0,0,0,0,0,0,0,0,37,0,2,3.5,1,0,7,10,0,0,0,0,0,0,0,0,81,0,2,3.5,1,0,3,8,0,0,0,0,0,0,0,0,82,1,2,4.0,1,0,1,2,0,0,0,0,0,0,0,0
29,8,0,0,1,1,4.5,0,0,1,0,0,0,0,0,0,0,0,0,42,1,1,2.0,1,0,6,0,0,0,0,0,0,0,0,0,37,0,1,2.5,1,0,10,0,0,0,0,0,0,0,0,0,78,1,1,3.0,0,3,8,0,0,0,0,0,0,0,0,0,81,1,1,3.5,0,1,2,0,0,0,0,0,0,0,0,0
29,9,0,0,1,0,4.0,0,0,0,0,0,0,0,0,0,0,0,0,36,1,0,1.5,0,6,0,0,0,0,0,0,0,0,0,0,27,0,0,2.0,0,10,0,0,0,0,0,0,0,0,0,0,78,1,0,2.0,1,0,0,0,0,0,0,0,0,0,0,0,81,1,0,2.5,1,0,0,0,0,0,0,0,0,0,0,0
30,0,91,10,1,9,9.0,1,0,7,8,10,10,6,8,10,7,5,0,50,1,9,9.0,1,5,4,1,8,8,1,9,5,4,5,0,45,0,9,9.5,0,5,4,2,7,5,6,5,8,7,8,0,94,0,9,9.5,0,6,4,6,8,8,7,2,3,1,7,0,91,1,9,9.5,0,9,7,8,9,10,10,4,5,8,6,0
30,1,84,10,1,8,8.0,1,7,8,10,10,6,8,10,7,5,0,0,46,1,8,8.5,0,4,1,8,8,1,9,5,4,5,0,0,41,0,8,9.0,0,4,2,7,5,6,5,8,7,8,0,0,90,0,8,9.0,0,4,6,8,8,7,2,3,1,7,0,0,84,0,8,9.0,0,7,8,9,10,10,4,5,8,6,0,0
30,2,59,10,1,7,7.0,1,8,10,10,6,8,10,7,5,0,0,0,46,1,7,7.5,1,1,8,8,1,9,5,4,5,0,0,0,41,0,7,8.0,1,0,7,5,6,5,8,7,8,0,0,0,90,0,7,8.0,1,0,8,8,7,2,3,1,7,0,0,0,84,0,7,8.0,1,0,9,10,10,4,5,8,6,0,0,0
30,3,42,0,1,6,6.5,0,10,10,6,8,10,7,5,0,0,0,0,38,1,6,7.0,0,8,8,1,9,5,4,5,0,0,0,0,34,0,6,7.5,0,7,5,6,5,8,7,8,0,0,0,0,90,0,6,7.0,1,0,8,7,2,3,1,7,0,0,0,0,84,0,6,7.0,1,0,10,10,4,5,8,6,0,0,0,0
30,4,32,0,1,5,5.5,1,0,6,8,10,7,5,0,0,0,0,0,30,1,5,6.5,0,8,1,9,5,4,5,0,0,0,0,0,29,0,5,7.0,0,5,6,5,8,7,8,0,0,0,0,0,82,0,5,6.5,0,8,7,2,3,1,7,0,0,0,0,0,74,0,5,6.5,0,10,10,4,5,8,6,0,0,0,0,0
30,5,19,0,1,4,4.5,1,0,8,10,7,5,0,0,0,0,0,0,29,1,4,6.0,0,1,9,5,4,5,0,0,0,0,0,0,23,0,4,6.5,0,6,5,8,7,8,0,0,0,0,0,0,82,1,4,5.5,1,0,2,3,1,7,0,0,0,0,0,0,64,0,4,6.0,0,10,4,5,8,6,0,0,0,0,0,0
30,6,8,0,1,3,4.0,0,0,10,7,5,0,0,0,0,0,0,0,29,1,3,5.0,1,9,5,4,5,0,0,0,0,0,0,0,18,0,3,6.0,0,5,8,7,8,0,0,0,0,0,0,0,82,0,3,4.5,1,2,3,1,7,0,0,0,0,0,0,0,60,0,3,5.5,0,4,5,8,6,0,0,0,0,0,0,0
30,7,0,0,1,2,3.5,0,0,7,5,0,0,0,0,0,0,0,0,29,1,2,4.0,1,5,4,5,0,0,0,0,0,0,0,0,10,0,2,5.5,0,8,7,8,0,0,0,0,0,0,0,0,82,0,2,3.5,1,0,1,7,0,0,0,0,0,0,0,0,55,0,2,5.0,0,5,8,6,0,0,0,0,0,0,0,0
30,8,0,0,1,1,2.5,1,0,5,0,0,0,0,0,0,0,0,0,25,1,1,3.5,0,4,5,0,0,0,0,0,0,0,0,0,3,0,1,5.0,0,7,8,0,0,0,0,0,0,0,0,0,81,0,1,3.0,0,1,7,0,0,0,0,0,0,0,0,0,55,0,1,4.0,1,0,6,0,0,0,0,0,0,0,0,0
30,9,0,0,1,0,1.5,1,0,0,0,0,0,0,0,0,0,0,0,20,1,0,3.0,0,5,0,0,0,0,0,0,0,0,0,0,0,0,0,4.5,0,0,0,0,0,0,0,0,0,0,0,0,74,0,0,2.5,0,7,0,0,0,0,0,0,0,0,0,0,49,1,0,3.5,0,6,0,0,0,0,0,0,0,0,0,0
31,0,91,10,0,9,9.0,1,0,4,4,6,10,5,1,4,10,10,0,44,1,9,9.5,0,6,4,9,9,10,10,10,6,7,8,0,47,0,9,9.5,0,3,1,5,2,1,5,8,8,10,9,0,99,0,9,9.5,0,1,4,7,1,2,5,9,3,9,1,0,100,1,9,9.0,1,0,9,8,7,3,6,10,8,4,4,0
31,1,74,10,0,8,8.0,1,0,4,6,10,5,1,4,10,10,0,0,40,1,8,9.0,0,4,9,9,10,10,10,6,7,8,0,0,46,0,8,9.0,0,1,5,2,1,5,8,8,10,9,0,0,99,1,8,8.5,1,0,7,1,2,5,9,3,9,1,0,0,100,0,8,8.0,1,9,8,7,3,6,10,8,4,4,0,0
31,2,62,6,0,7,7.5,0,4,6,10,5,1,4,10,10,0,0,0,31,1,7,8.5,0,9,9,10,10,10,6,7,8,0,0,0,46,0,7,8.0,1,0,2,1,5,8,8,10,9,0,0,0,99,1,7,7.5,1,7,1,2,5,9,3,9,1,0,0,0,92,1,7,7.5,0,8,7,3,6,10,8,4,4,0,0,0
31,3,48,6,0,6,6.5,1,0,10,5,1,4,10,10,0,0,0,0,22,1,6,8.0,0,9,10,10,10,6,7,8,0,0,0,0,44,0,6,7.5,0,2,1,5,8,8,10,9,0,0,0,0,99,1,6,6.5,1,1,2,5,9,3,9,1,0,0,0,0,92,0,6,6.5,1,7,3,6,10,8,4,4,0,0,0,0
31,4,22,6,0,5,5.5,1,0,5,1,4,10,10,0,0,0,0,0,22,1,5,7.0,1,10,10,10,6,7,8,0,0,0,0,0,44,0,5,6.5,1,0,5,8,8,10,9,0,0,0,0,0,99,1,5,5.5,1,2,5,9,3,9,1,0,0,0,0,0,92,0,5,5.5,1,0,6,10,8,4,4,0,0,0,0,0
31,5,6,6,1,4,4.5,1,0,1,4,10,10,0,0,0,0,0,0,12,1,4,6.5,0,10,10,6,7,8,0,0,0,0,0,0,44,0,4,5.5,1,0,8,8,10,9,0,0,0,0,0,0,94,0,4,5.0,0,5,9,3,9,1,0,0,0,0,0,0,92,1,4,4.5,1,0,10,8,4,4,0,0,0,0,0,0
31,6,0,5,1,3,4.0,0,1,4,10,10,0,0,0,0,0,0,0,12,1,3,5.5,1,0,6,7,8,0,0,0,0,0,0,0,36,0,3,5.0,0,8,8,10,9,0,0,0,0,0,0,0,85,0,3,4.5,0,9,3,9,1,0,0,0,0,0,0,0,92,1,3,3.5,1,0,8,4,4,0,0,0,0,0,0,0
31,7,0,1,1,2,3.5,0,4,10,10,0,0,0,0,0,0,0,0,12,1,2,4.5,1,0,7,8,0,0,0,0,0,0,0,0,36,0,2,4.0,1,0,10,9,0,0,0,0,0,0,0,0,82,0,2,4.0,0,3,9,1,0,0,0,0,0,0,0,0,84,1,2,3.0,0,8,4,4,0,0,0,0,0,0,0,0
31,8,0,0,1,1,3.0,0,0,10,0,0,0,0,0,0,0,0,0,5,1,1,4.0,0,7,8,0,0,0,0,0,0,0,0,0,36,0,1,3.0,1,0,9,0,0,0,0,0,0,0,0,0,82,0,1,3.0,1,0,1,0,0,0,0,0,0,0,0,0,80,1,1,2.5,0,4,4,0,0,0,0,0,0,0,0,0
31,9,0,0,1,0,2.0,1,0,0,0,0,0,0,0,0,0,0,0,0,1,0,3.5,0,0,0,0,0,0,0,0,0,0,0,0,27,0,0,2.5,0,9,0,0,0,0,0,0,0,0,0,0,82,0,0,2.0,1,0,0,0,0,0,0,0,0,0,0,0,80,1,0,1.5,1,0,0,0,0,0,0,0,0,0,0,0
32,0,83,5,0,9,9.5,0,5,9,9,9,8,4,5,3,8,4,0,50,1,9,9.0,1,7,10,9,2,3,3,5,4,4,2,0,43,1,9,9.5,0,7,9,10,5,10,6,2,3,8,2,0,92,0,9,9.5,0,8,6,2,9,4,6,2,4,3,10,0,100,1,9,9.0,1,0,4,4,7,5,10,9,9,4,2,0
32,1,77,0,0,8,9.0,0,0,9,9,8,4,5,3,8,4,0,0,40,1,8,8.5,0,10,9,2,3,3,5,4,4,2,0,0,34,1,8,9.0,0,9,10,5,10,6,2,3,8,2,0,0,92,0,8,8.5,1,0,2,9,4,6,2,4,3,10,0,0,96,1,8,8.5,0,4,4,7,5,10,9,9,4,2,0,0
32,2,64,0,0,7,8.5,0,0,9,8,4,5,3,8,4,0,0,0,40,1,7,7.5,1,9,2,3,3,5,4,4,2,0,0,0,24,1,7,8.5,0,10,5,10,6,2,3,8,2,0,0,0,90,1,7,8.0,0,2,9,4,6,2,4,3,10,0,0,0,96,1,7,7.5,1,4,7,5,10,9,9,4,2,0,0,0
32,3,57,0,0,6,8.0,0,0,8,4,5,3,8,4,0,0,0,0,40,1,6,6.5,1,2,3,3,5,4,4,2,0,0,0,0,24,1,6,7.5,1,5,10,6,2,3,8,2,0,0,0,0,81,1,6,7.5,0,9,4,6,2,4,3,10,0,0,0,0,89,1,6,7.0,0,7,5,10,9,9,4,2,0,0,0,0
32,4,50,0,0,5,7.5,0,0,4,5,3,8,4,0,0,0,0,0,40,1,5,5.5,1,3,3,5,4,4,2,0,0,0,0,0,14,0,5,7.0,0,10,6,2,3,8,2,0,0,0,0,0,81,1,5,6.5,1,4,6,2,4,3,10,0,0,0,0,0,84,0,5,6.5,0,5,10,9,9,4,2,0,0,0,0,0
32,5,34,0,0,4,7.0,0,0,5,3,8,4,0,0,0,0,0,0,37,1,4,5.0,0,3,5,4,4,2,0,0,0,0,0,0,14,0,4,6.0,1,0,2,3,8,2,0,0,0,0,0,0,75,1,4,6.0,0,6,2,4,3,10,0,0,0,0,0,0,84,0,4,5.5,1,0,9,9,4,2,0,0,0,0,0,0
32,6,32,0,0,3,6.5,0,0,3,8,4,0,0,0,0,0,0,0,32,1,3,4.5,0,5,4,4,2,0,0,0,0,0,0,0,14,0,3,5.0,1,0,3,8,2,0,0,0,0,0,0,0,73,1,3,5.5,0,2,4,3,10,0,0,0,0,0,0,0,75,0,3,5.0,0,9,9,4,2,0,0,0,0,0,0,0
32,7,23,0,0,2,6.0,0,0,8,4,0,0,0,0,0,0,0,0,28,1,2,4.0,0,4,4,2,0,0,0,0,0,0,0,0,11,0,2,4.5,0,3,8,2,0,0,0,0,0,0,0,0,69,1,2,5.0,0,4,3,10,0,0,0,0,0,0,0,0,75,0,2,4.0,1,0,4,2,0,0,0,0,0,0,0,0
32,8,8,0,0,1,5.0,1,0,4,0,0,0,0,0,0,0,0,0,24,1,1,3.5,0,4,2,0,0,0,0,0,0,0,0,0,3,0,1,4.0,0,8,2,0,0,0,0,0,0,0,0,0,69,1,1,4.0,1,3,10,0,0,0,0,0,0,0,0,0,75,0,1,3.0,1,0,2,0,0,0,0,0,0,0,0,0
32,9,0,0,0,0,4.0,1,0,0,0,0,0,0,0,0,0,0,0,24,1,0,2.5,1,2,0,0,0,0,0,0,0,0,0,0,1,1,0,3.5,0,2,0,0,0,0,0,0,0,0,0,0,69,1,0,3.0,1,0,0,0,0,0,0,0,0,0,0,0,73,0,0,2.5,0,2,0,0,0,0,0,0,0,0,0,0
33,0,73,5,1,9,9.5,0,5,1,5,5,7,7,9,6,4,6,0,50,1,9,9.0,1,10,3,1,4,6,7,9,3,10,7,0,50,1,9,9.0,1,5,10,6,10,3,8,4,1,6,6,0,100,1,9,9.0,1,10,8,9,5,2,4,3,6,9,8,0,100,0,9,9.0,1,0,9,7,7,3,3,10,10,4,6,0
33,1,52,5,1,8,8.5,1,1,5,5,7,7,9,6,4,6,0,0,50,1,8,8.0,1,3,1,4,6,7,9,3,10,7,0,0,40,1,8,8.5,0,10,6,10,3,8,4,1,6,6,0,0,100,0,8,8.0,1,8,9,5,2,4,3,6,9,8,0,0,100,0,8,8.0,1,0,7,7,3,3,10,10,4,6,0,0
33,2,46,5,1,7,7.5,1,5,5,7,7,9,6,4,6,0,0,0,50,1,7,7.0,1,1,4,6,7,9,3,10,7,0,0,0,34,1,7,8.0,0,6,10,3,8,4,1,6,6,0,0,0,91,1,7,7.5,0,9,5,2,4,3,6,9,8,0,0,0,93,0,7,7.5,0,7,7,3,3,10,10,4,6,0,0,0
33,3,20,5,1,6,6.5,1,5,7,7,9,6,4,6,0,0,0,0,50,1,6,6.0,1,4,6,7,9,3,10,7,0,0,0,0,34,1,6,7.0,1,10,3,8,4,1,6,6,0,0,0,0,86,1,6,7.0,0,5,2,4,3,6,9,8,0,0,0,0,93,1,6,6.5,1,0,3,3,10,10,4,6,0,0,0,0
33,4,2,5,1,5,5.5,1,0,7,9,6,4,6,0,0,0,0,0,50,1,5,5.0,1,6,7,9,3,10,7,0,0,0,0,0,34,0,5,6.0,1,3,8,4,1,6,6,0,0,0,0,0,86,1,5,6.0,1,2,4,3,6,9,8,0,0,0,0,0,90,0,5,6.0,0,3,3,10,10,4,6,0,0,0,0,0
33,5,0,5,1,4,4.5,1,0,9,6,4,6,0,0,0,0,0,0,50,1,4,4.0,1,0,9,3,10,7,0,0,0,0,0,0,34,1,4,5.0,1,0,4,1,6,6,0,0,0,0,0,0,86,1,4,5.0,1,0,3,6,9,8,0,0,0,0,0,0,87,0,4,5.5,0,3,10,10,4,6,0,0,0,0,0,0
33,6,0,0,1,3,4.0,0,0,6,4,6,0,0,0,0,0,0,0,50,1,3,3.0,1,0,3,10,7,0,0,0,0,0,0,0,30,1,3,4.5,0,4,1,6,6,0,0,0,0,0,0,0,83,1,3,4.5,0,3,6,9,8,0,0,0,0,0,0,0,77,0,3,5.0,0,10,10,4,6,0,0,0,0,0,0,0
33,7,0,0,1,2,3.5,0,0,4,6,0,0,0,0,0,0,0,0,50,1,2,2.0,1,0,10,7,0,0,0,0,0,0,0,0,29,1,2,4.0,0,1,6,6,0,0,0,0,0,0,0,0,77,1,2,4.0,0,6,9,8,0,0,0,0,0,0,0,0,67,0,2,4.5,0,10,4,6,0,0,0,0,0,0,0,0
33,8,0,0,1,1,2.5,1,0,6,0,0,0,0,0,0,0,0,0,40,1,1,1.5,0,10,7,0,0,0,0,0,0,0,0,0,23,1,1,3.5,0,6,6,0,0,0,0,0,0,0,0,0,77,1,1,3.0,1,0,8,0,0,0,0,0,0,0,0,0,67,0,1,3.5,1,0,6,0,0,0,0,0,0,0,0,0
33,9,0,0,1,0,2.0,0,0,0,0,0,0,0,0,0,0,0,0,40,1,0,0.5,1,0,0,0,0,0,0,0,0,0,0,0,23,1,0,2.5,1,0,0,0,0,0,0,0,0,0,0,0,69,1,0,2.5,0,8,0,0,0,0,0,0,0,0,0,0,61,0,0,3.0,0,6,0,0,0,0,0,0,0,0,0,0
34,0,82,5,0,9,9.5,0,5,5,8,10,2,2,6,10,9,5,0,50,0,9,9.0,1,0,3,5,8,3,10,9,5,9,1,0,50,0,9,9.0,1,0,8,4,8,6,8,5,7,5,3,0,91,1,9,9.5,0,9,5,1,3,9,1,4,5,8,8,0,100,0,9,9.0,1,0,5,9,6,3,6,4,4,5,1,0
34,1,64,5,0,8,8.5,1,0,8,10,2,2,6,10,9,5,0,0,50,0,8,8.0,1,0,5,8,3,10,9,5,9,1,0,0,42,0,8,8.5,0,8,4,8,6,8,5,7,5,3,0,0,91,1,8,8.5,1,5,1,3,9,1,4,5,8,8,0,0,100,0,8,8.0,1,0,9,6,3,6,4,4,5,1,0,0
34,2,60,0,0,7,8.0,0,0,10,2,2,6,10,9,5,0,0,0,45,0,7,7.5,0,5,8,3,10,9,5,9,1,0,0,0,42,0,7,7.5,1,0,8,6,8,5,7,5,3,0,0,0,90,1,7,8.0,0,1,3,9,1,4,5,8,8,0,0,0,91,0,7,7.5,0,9,6,3,6,4,4,5,1,0,0,0
34,3,43,0,0,6,7.5,0,0,2,2,6,10,9,5,0,0,0,0,37,0,6,7.0,0,8,3,10,9,5,9,1,0,0,0,0,42,0,6,6.5,1,0,6,8,5,7,5,3,0,0,0,0,90,0,6,7.0,1,3,9,1,4,5,8,8,0,0,0,0,91,0,6,6.5,1,0,3,6,4,4,5,1,0,0,0,0
34,4,34,0,0,5,7.0,0,0,2,6,10,9,5,0,0,0,0,0,34,0,5,6.5,0,3,10,9,5,9,1,0,0,0,0,0,36,0,5,6.0,0,6,8,5,7,5,3,0,0,0,0,0,90,0,5,6.0,1,0,1,4,5,8,8,0,0,0,0,0,88,0,5,6.0,0,3,6,4,4,5,1,0,0,0,0,0
34,5,9,0,0,4,6.5,0,0,6,10,9,5,0,0,0,0,0,0,34,0,4,5.5,1,0,9,5,9,1,0,0,0,0,0,0,36,0,4,5.0,1,0,5,7,5,3,0,0,0,0,0,0,90,0,4,5.0,1,0,4,5,8,8,0,0,0,0,0,0,88,0,4,5.0,1,0,4,4,5,1,0,0,0,0,0,0
34,6,0,0,0,3,6.0,0,0,10,9,5,0,0,0,0,0,0,0,34,0,3,4.5,1,0,5,9,1,0,0,0,0,0,0,0,31,0,3,4.5,0,5,7,5,3,0,0,0,0,0,0,0,86,0,3,4.5,0,4,5,8,8,0,0,0,0,0,0,0,88,0,3,4.0,1,0,4,5,1,0,0,0,0,0,0,0
34,7,0,0,0,2,5.0,1,0,9,5,0,0,0,0,0,0,0,0,34,1,2,3.5,1,0,9,1,0,0,0,0,0,0,0,0,24,1,2,4.0,0,7,5,3,0,0,0,0,0,0,0,0,81,0,2,4.0,0,5,8,8,0,0,0,0,0,0,0,0,88,0,2,3.0,1,0,5,1,0,0,0,0,0,0,0,0
34,8,0,0,0,1,4.0,1,0,5,0,0,0,0,0,0,0,0,0,34,1,1,2.5,1,0,1,0,0,0,0,0,0,0,0,0,19,1,1,3.5,0,5,3,0,0,0,0,0,0,0,0,0,81,0,1,3.0,1,0,8,0,0,0,0,0,0,0,0,0,83,0,1,2.5,0,5,1,0,0,0,0,0,0,0,0,0
34,9,0,0,0,0,3.0,1,0,0,0,0,0,0,0,0,0,0,0,34,1,0,1.5,1,0,0,0,0,0,0,0,0,0,0,0,19,1,0,2.5,1,0,0,0,0,0,0,0,0,0,0,0,73,1,0,2.5,0,8,0,0,0,0,0,0,0,0,0,0,82,0,0,2.0,0,1,0,0,0,0,0,0,0,0,0,0
35,0,77,10,0,9,9.0,1,0,10,8,3,1,3,6,4,3,6,0,50,1,9,9.0,1,1,6,3,4,2,6,8,9,4,6,0,50,1,9,9.0,1,8,6,8,6,6,4,1,2,9,1,0,100,1,9,9.0,1,2,4,3,6,9,10,4,4,8,5,0,100,0,9,9.0,1,0,3,7,2,4,7,2,10,10,7,0
35,1,58,10,0,8,8.0,1,0,8,3,1,3,6,4,3,6,0,0,50,1,8,8.0,1,6,3,4,2,6,8,9,4,6,0,0,44,1,8,8.5,0,6,8,6,6,4,1,2,9,1,0,0,96,1,8,8.5,0,4,3,6,9,10,4,4,8,5,0,0,100,0,8,8.0,1,0,7,2,4,7,2,10,10,7,0,0
35,2,40,10,0,7,7.0,1,0,3,1,3,6,4,3,6,0,0,0,50,1,7,7.0,1,3,4,2,6,8,9,4,6,0,0,0,36,1,7,8.0,0,8,6,6,4,1,2,9,1,0,0,0,93,1,7,8.0,0,3,6,9,10,4,4,8,5,0,0,0,100,0,7,7.0,1,0,2,4,7,2,10,10,7,0,0,0
35,3,19,10,0,6,6.0,1,0,1,3,6,4,3,6,0,0,0,0,50,1,6,6.0,1,4,2,6,8,9,4,6,0,0,0,0,36,1,6,7.0,1,6,6,4,1,2,9,1,0,0,0,0,93,1,6,7.0,1,6,9,10,4,4,8,5,0,0,0,0,100,0,6,6.0,1,0,4,7,2,10,10,7,0,0,0,0
35,4,1,10,0,5,5.0,1,0,3,6,4,3,6,0,0,0,0,0,50,1,5,5.0,1,2,6,8,9,4,6,0,0,0,0,0,36,1,5,6.0,1,6,4,1,2,9,1,0,0,0,0,0,93,1,5,6.0,1,9,10,4,4,8,5,0,0,0,0,0,96,1,5,5.5,0,4,7,2,10,10,7,0,0,0,0,0
35,5,0,7,0,4,4.5,0,3,6,4,3,6,0,0,0,0,0,0,50,1,4,4.0,1,0,8,9,4,6,0,0,0,0,0,0,36,1,4,5.0,1,0,1,2,9,1,0,0,0,0,0,0,83,1,4,5.5,0,10,4,4,8,5,0,0,0,0,0,0,96,1,4,4.5,1,0,2,10,10,7,0,0,0,0,0,0
35,6,0,1,0,3,4.0,0,6,4,3,6,0,0,0,0,0,0,0,50,1,3,3.0,1,0,9,4,6,0,0,0,0,0,0,0,36,1,3,4.0,1,0,2,9,1,0,0,0,0,0,0,0,83,1,3,4.5,1,0,4,8,5,0,0,0,0,0,0,0,94,0,3,4.0,0,2,10,10,7,0,0,0,0,0,0,0
35,7,0,1,0,2,3.0,1,0,3,6,0,0,0,0,0,0,0,0,41,1,2,2.5,0,9,4,6,0,0,0,0,0,0,0,0,34,1,2,3.5,0,2,9,1,0,0,0,0,0,0,0,0,79,1,2,4.0,0,4,8,5,0,0,0,0,0,0,0,0,94,0,2,3.0,1,0,10,7,0,0,0,0,0,0,0,0
35,8,0,1,0,1,2.0,1,0,6,0,0,0,0,0,0,0,0,0,41,1,1,1.5,1,0,6,0,0,0,0,0,0,0,0,0,25,1,1,3.0,0,9,1,0,0,0,0,0,0,0,0,0,71,1,1,3.5,0,8,5,0,0,0,0,0,0,0,0,0,94,0,1,2.0,1,0,7,0,0,0,0,0,0,0,0,0
35,9,0,1,0,0,1.0,1,0,0,0,0,0,0,0,0,0,0,0,41,1,0,0.5,1,0,0,0,0,0,0,0,0,0,0,0,24,1,0,2.5,0,1,0,0,0,0,0,0,0,0,0,0,71,1,0,2.5,1,0,0,0,0,0,0,0,0,0,0,0,94,0,0,1.0,1,0,0,0,0,0,0,0,0,0,0,0
36,0,90,0,1,9,9.5,0,10,10,3,2,4,10,3,1,3,10,0,41,1,9,9.5,0,9,1,10,7,7,1,5,4,4,10,0,49,1,9,9.5,0,1,2,7,9,2,8,3,8,1,1,0,100,1,9,9.0,1,0,10,2,6,7,5,8,5,1,3,0,100,0,9,9.0,1,0,1,10,5,8,5,1,3,1,7,0
36,1,80,0,1,8,8.5,1,0,3,2,4,10,3,1,3,10,0,0,40,1,8,9.0,0,1,10,7,7,1,5,4,4,10,0,0,47,1,8,9.0,0,2,7,9,2,8,3,8,1,1,0,0,90,0,8,8.5,0,10,2,6,7,5,8,5,1,3,0,0,99,0,8,8.5,0,1,10,5,8,5,1,3,1,7,0,0
36,2,75,0,1,7,7.5,1,0,2,4,10,3,1,3,10,0,0,0,30,1,7,8.5,0,10,7,7,1,5,4,4,10,0,0,0,40,1,7,8.5,0,7,9,2,8,3,8,1,1,0,0,0,90,0,7,7.5,1,0,6,7,5,8,5,1,3,0,0,0,89,0,7,8.0,0,10,5,8,5,1,3,1,7,0,0,0
36,3,46,0,1,6,6.5,1,0,4,10,3,1,3,10,0,0,0,0,30,1,6,7.5,1,7,7,1,5,4,4,10,0,0,0,0,40,1,6,7.5,1,9,2,8,3,8,1,1,0,0,0,0,90,0,6,6.5,1,0,7,5,8,5,1,3,0,0,0,0,89,0,6,7.0,1,0,8,5,1,3,1,7,0,0,0,0
36,4,35,0,1,5,5.5,1,0,10,3,1,3,10,0,0,0,0,0,30,1,5,6.5,1,7,1,5,4,4,10,0,0,0,0,0,38,1,5,7.0,0,2,8,3,8,1,1,0,0,0,0,0,83,0,5,6.0,0,7,5,8,5,1,3,0,0,0,0,0,81,1,5,6.5,0,8,5,1,3,1,7,0,0,0,0,0
36,5,30,0,1,4,5.0,0,0,3,1,3,10,0,0,0,0,0,0,29,0,4,6.0,0,1,5,4,4,10,0,0,0,0,0,0,30,1,4,6.5,0,8,3,8,1,1,0,0,0,0,0,0,83,0,4,5.0,1,0,8,5,1,3,0,0,0,0,0,0,76,1,4,6.0,0,5,1,3,1,7,0,0,0,0,0,0
36,6,15,0,1,3,4.0,1,0,1,3,10,0,0,0,0,0,0,0,24,0,3,5.5,0,5,4,4,10,0,0,0,0,0,0,0,30,1,3,5.5,1,3,8,1,1,0,0,0,0,0,0,0,83,0,3,4.0,1,0,5,1,3,0,0,0,0,0,0,0,76,0,3,5.0,1,1,3,1,7,0,0,0,0,0,0,0
36,7,6,0,1,2,3.5,0,0,3,10,0,0,0,0,0,0,0,0,24,0,2,4.5,1,0,4,10,0,0,0,0,0,0,0,0,22,1,2,5.0,0,8,1,1,0,0,0,0,0,0,0,0,83,0,2,3.0,1,0,1,3,0,0,0,0,0,0,0,0,73,0,2,4.5,0,3,1,7,0,0,0,0,0,0,0,0
36,8,0,0,1,1,3.0,0,0,10,0,0,0,0,0,0,0,0,0,24,1,1,3.5,1,0,10,0,0,0,0,0,0,0,0,0,21,1,1,4.5,0,1,1,0,0,0,0,0,0,0,0,0,83,0,1,2.0,1,0,3,0,0,0,0,0,0,0,0,0,73,0,1,3.5,1,0,7,0,0,0,0,0,0,0,0,0
36,9,0,0,1,0,2.5,0,0,0,0,0,0,0,0,0,0,0,0,24,1,0,2.5,1,0,0,0,0,0,0,0,0,0,0,0,21,1,0,3.5,1,0,0,0,0,0,0,0,0,0,0,0,80,0,0,1.5,0,3,0,0,0,0,0,0,0,0,0,0,73,0,0,2.5,1,0,0,0,0,0,0,0,0,0,0,0
37,0,87,10,0,9,9.0,1,0,4,1,3,9,3,2,10,4,3,0,50,0,9,9.0,1,0,7,6,9,1,10,3,1,2,1,0,48,0,9,9.5,0,2,1,7,5,9,2,3,2,6,7,0,93,1,9,9.5,0,7,6,9,10,10,10,6,3,8,1,0,97,0,9,9.5,0,3,9,9,4,7,8,2,6,2,3,0
37,1,75,10,1,8,8.0,1,0,1,3,9,3,2,10,4,3,0,0,50,0,8,8.0,1,0,6,9,1,10,3,1,2,1,0,0,48,0,8,8.5,1,0,7,5,9,2,3,2,6,7,0,0,87,1,8,9.0,0,6,9,10,10,10,6,3,8,1,0,0,88,0,8,9.0,0,9,9,4,7,8,2,6,2,3,0,0
37,2,51,9,1,7,7.5,0,1,3,9,3,2,10,4,3,0,0,0,50,0,7,7.0,1,0,9,1,10,3,1,2,1,0,0,0,41,0,7,8.0,0,7,5,9,2,3,2,6,7,0,0,0,87,1,7,8.0,1,9,10,10,10,6,3,8,1,0,0,0,88,1,7,8.0,1,0,4,7,8,2,6,2,3,0,0,0
37,3,28,6,1,6,7.0,0,3,9,3,2,10,4,3,0,0,0,0,50,0,6,6.0,1,0,1,10,3,1,2,1,0,0,0,0,36,0,6,7.5,0,5,9,2,3,2,6,7,0,0,0,0,87,0,6,7.0,1,10,10,10,6,3,8,1,0,0,0,0,88,1,6,7.0,1,4,7,8,2,6,2,3,0,0,0,0
37,4,0,6,1,5,6.0,1,0,3,2,10,4,3,0,0,0,0,0,49,0,5,5.5,0,1,10,3,1,2,1,0,0,0,0,0,36,0,5,6.5,1,0,2,3,2,6,7,0,0,0,0,0,87,0,5,6.0,1,0,10,6,3,8,1,0,0,0,0,0,88,1,5,6.0,1,0,8,2,6,2,3,0,0,0,0,0
37,5,0,6,0,4,5.0,1,0,2,10,4,3,0,0,0,0,0,0,49,0,4,4.5,1,0,3,1,2,1,0,0,0,0,0,0,34,0,4,6.0,0,2,3,2,6,7,0,0,0,0,0,0,77,0,4,5.5,0,10,6,3,8,1,0,0,0,0,0,0,88,1,4,5.0,1,0,2,6,2,3,0,0,0,0,0,0
37,6,0,4,0,3,4.5,0,2,10,4,3,0,0,0,0,0,0,0,49,0,3,3.5,1,0,1,2,1,0,0,0,0,0,0,0,31,0,3,5.5,0,3,2,6,7,0,0,0,0,0,0,0,71,0,3,5.0,0,6,3,8,1,0,0,0,0,0,0,0,88,1,3,4.0,1,0,6,2,3,0,0,0,0,0,0,0
37,7,0,4,0,2,3.5,1,0,4,3,0,0,0,0,0,0,0,0,49,0,2,2.5,1,0,2,1,0,0,0,0,0,0,0,0,29,0,2,5.0,0,2,6,7,0,0,0,0,0,0,0,0,71,0,2,4.0,1,0,8,1,0,0,0,0,0,0,0,0,88,1,2,3.0,1,0,2,3,0,0,0,0,0,0,0,0
37,8,0,4,0,1,2.5,1,0,3,0,0,0,0,0,0,0,0,0,47,0,1,2.0,0,2,1,0,0,0,0,0,0,0,0,0,23,0,1,4.5,0,6,7,0,0,0,0,0,0,0,0,0,71,0,1,3.0,1,0,1,0,0,0,0,0,0,0,0,0,86,1,1,2.5,0,2,3,0,0,0,0,0,0,0,0,0
37,9,0,4,0,0,1.5,1,0,0,0,0,0,0,0,0,0,0,0,46,1,0,1.5,0,1,0,0,0,0,0,0,0,0,0,0,16,1,0,4.0,0,7,0,0,0,0,0,0,0,0,0,0,71,0,0,2.0,1,0,0,0,0,0,0,0,0,0,0,0,83,1,0,2.0,0,3,0,0,0,0,0,0,0,0,0,0
38,0,99,8,1,9,9.5,0,2,2,4,8,10,3,4,3,3,4,0,50,1,9,9.0,1,1,1,9,9,2,4,7,2,10,8,0,47,0,9,9.5,0,3,3,2,5,3,1,7,4,8,3,0,97,0,9,9.5,0,3,3,4,2,5,1,3,1,7,8,0,99,0,9,9.5,0,1,4,7,9,6,3,3,9,3,3,0
38,1,94,8,1,8,8.5,1,2,4,8,10,3,4,3,3,4,0,0,49,1,8,8.5,0,1,9,9,2,4,7,2,10,8,0,0,47,0,8,8.5,1,0,2,5,3,1,7,4,8,3,0,0,94,1,8,9.0,0,3,4,2,5,1,3,1,7,8,0,0,95,1,8,9.0,0,4,7,9,6,3,3,9,3,3,0,0
38,2,79,8,1,7,7.5,1,4,8,10,3,4,3,3,4,0,0,0,40,1,7,8.0,0,9,9,2,4,7,2,10,8,0,0,0,45,1,7,8.0,0,2,5,3,1,7,4,8,3,0,0,0,94,1,7,8.0,1,4,2,5,1,3,1,7,8,0,0,0,95,1,7,8.0,1,7,9,6,3,3,9,3,3,0,0,0
38,3,46,8,1,6,6.5,1,8,10,3,4,3,3,4,0,0,0,0,40,1,6,7.0,1,9,2,4,7,2,10,8,0,0,0,0,45,1,6,7.0,1,5,3,1,7,4,8,3,0,0,0,0,94,1,6,7.0,1,2,5,1,3,1,7,8,0,0,0,0,95,1,6,7.0,1,9,6,3,3,9,3,3,0,0,0,0
38,4,37,0,0,5,6.0,0,0,3,4,3,3,4,0,0,0,0,0,38,1,5,6.5,0,2,4,7,2,10,8,0,0,0,0,0,45,1,5,6.0,1,3,1,7,4,8,3,0,0,0,0,0,89,1,5,6.5,0,5,1,3,1,7,8,0,0,0,0,0,95,1,5,6.0,1,6,3,3,9,3,3,0,0,0,0,0
38,5,33,0,0,4,5.0,1,0,4,3,3,4,0,0,0,0,0,0,34,1,4,6.0,0,4,7,2,10,8,0,0,0,0,0,0,44,0,4,5.5,0,1,7,4,8,3,0,0,0,0,0,0,89,1,4,5.5,1,1,3,1,7,8,0,0,0,0,0,0,92,1,4,5.5,0,3,3,9,3,3,0,0,0,0,0,0
38,6,13,0,0,3,4.5,0,0,3,3,4,0,0,0,0,0,0,0,34,1,3,5.0,1,7,2,10,8,0,0,0,0,0,0,0,44,0,3,4.5,1,0,4,8,3,0,0,0,0,0,0,0,89,1,3,4.5,1,3,1,7,8,0,0,0,0,0,0,0,92,1,3,4.5,1,3,9,3,3,0,0,0,0,0,0,0
38,7,10,0,0,2,3.5,1,0,3,4,0,0,0,0,0,0,0,0,32,1,2,4.5,0,2,10,8,0,0,0,0,0,0,0,0,40,0,2,4.0,0,4,8,3,0,0,0,0,0,0,0,0,88,1,2,4.0,0,1,7,8,0,0,0,0,0,0,0,0,83,1,2,4.0,0,9,3,3,0,0,0,0,0,0,0,0
38,8,0,0,0,1,2.5,1,0,4,0,0,0,0,0,0,0,0,0,22,1,1,4.0,0,10,8,0,0,0,0,0,0,0,0,0,40,0,1,3.0,1,0,3,0,0,0,0,0,0,0,0,0,81,1,1,3.5,0,7,8,0,0,0,0,0,0,0,0,0,80,1,1,3.5,0,3,3,0,0,0,0,0,0,0,0,0
38,9,0,0,0,0,1.5,1,0,0,0,0,0,0,0,0,0,0,0,22,1,0,3.0,1,0,0,0,0,0,0,0,0,0,0,0,40,0,0,2.0,1,0,0,0,0,0,0,0,0,0,0,0,73,1,0,3.0,0,8,0,0,0,0,0,0,0,0,0,0,77,1,0,3.0,0,3,0,0,0,0,0,0,0,0,0,0
39,0,96,6,1,9,9.5,0,4,6,5,6,9,10,4,10,7,6,0,43,0,9,9.5,0,7,1,9,3,9,9,7,4,1,5,0,43,0,9,9.5,0,7,8,1,8,3,2,5,2,6,10,0,100,1,9,9.0,1,4,8,9,5,1,7,3,10,10,9,0,99,1,9,9.5,0,1,6,7,2,2,8,4,5,5,9,0
39,1,82,0,0,8,9.0,0,6,5,6,9,10,4,10,7,6,0,0,42,0,8,9.0,0,1,9,3,9,9,7,4,1,5,0,0,35,0,8,9.0,0,8,1,8,3,2,5,2,6,10,0,0,100,1,8,8.0,1,8,9,5,1,7,3,10,10,9,0,0,99,1,8,8.5,1,6,7,2,2,8,4,5,5,9,0,0
39,2,61,0,0,7,8.0,1,0,6,9,10,4,10,7,6,0,0,0,42,0,7,8.0,1,0,3,9,9,7,4,1,5,0,0,0,34,0,7,8.5,0,1,8,3,2,5,2,6,10,0,0,0,91,1,7,7.5,0,9,5,1,7,3,10,10,9,0,0,0,99,1,7,7.5,1,7,2,2,8,4,5,5,9,0,0,0
39,3,51,0,0,6,7.5,0,0,9,10,4,10,7,6,0,0,0,0,42,0,6,7.0,1,0,9,9,7,4,1,5,0,0,0,0,26,1,6,8.0,0,8,3,2,5,2,6,10,0,0,0,0,91,1,6,6.5,1,5,1,7,3,10,10,9,0,0,0,0,99,1,6,6.5,1,2,2,8,4,5,5,9,0,0,0,0
39,4,42,0,0,5,7.0,0,0,10,4,10,7,6,0,0,0,0,0,42,0,5,6.0,1,0,9,7,4,1,5,0,0,0,0,0,23,1,5,7.5,0,3,2,5,2,6,10,0,0,0,0,0,90,1,5,6.0,0,1,7,3,10,10,9,0,0,0,0,0,97,1,5,6.0,0,2,8,4,5,5,9,0,0,0,0,0
39,5,15,0,0,4,6.0,1,0,4,10,7,6,0,0,0,0,0,0,42,0,4,5.0,1,0,7,4,1,5,0,0,0,0,0,0,21,1,4,7.0,0,2,5,2,6,10,0,0,0,0,0,0,83,0,4,5.5,0,7,3,10,10,9,0,0,0,0,0,0,97,1,4,5.0,1,8,4,5,5,9,0,0,0,0,0,0
39,6,1,0,0,3,5.5,0,0,10,7,6,0,0,0,0,0,0,0,42,0,3,4.0,1,0,4,1,5,0,0,0,0,0,0,0,16,1,3,6.5,0,5,2,6,10,0,0,0,0,0,0,0,83,1,3,4.5,1,0,10,10,9,0,0,0,0,0,0,0,97,1,3,4.0,1,4,5,5,9,0,0,0,0,0,0,0
39,7,0,0,0,2,5.0,0,0,7,6,0,0,0,0,0,0,0,0,42,0,2,3.0,1,0,1,5,0,0,0,0,0,0,0,0,16,1,2,5.5,1,0,6,10,0,0,0,0,0,0,0,0,73,1,2,4.0,0,10,10,9,0,0,0,0,0,0,0,0,97,1,2,3.0,1,0,5,9,0,0,0,0,0,0,0,0
39,8,0,0,0,1,4.5,0,0,6,0,0,0,0,0,0,0,0,0,41,0,1,2.5,0,1,5,0,0,0,0,0,0,0,0,0,16,1,1,4.5,1,0,10,0,0,0,0,0,0,0,0,0,73,0,1,3.0,1,0,9,0,0,0,0,0,0,0,0,0,97,1,1,2.0,1,0,9,0,0,0,0,0,0,0,0,0
39,9,0,0,0,0,4.0,0,0,0,0,0,0,0,0,0,0,0,0,41,0,0,1.5,1,0,0,0,0,0,0,0,0,0,0,0,6,1,0,4.0,0,10,0,0,0,0,0,0,0,0,0,0,73,0,0,2.0,1,0,0,0,0,0,0,0,0,0,0,0,88,0,0,1.5,0,9,0,0,0,0,0,0,0,0,0,0
40,0,78,10,1,9,9.0,1,4,8,10,8,1,9,7,2,9,1,0,50,0,9,9.0,1,0,2,5,9,7,4,2,1,10,8,0,50,1,9,9.0,1,0,5,2,9,10,7,6,8,4,5,0,100,0,9,9.0,1,0,8,1,8,7,3,10,1,4,8,0,100,1,9,9.0,1,6,8,4,2,1,8,9,1,5,3,0
40,1,70,2,1,8,8.5,0,8,10,8,1,9,7,2,9,1,0,0,48,1,8,8.5,0,2,5,9,7,4,2,1,10,8,0,0,45,1,8,8.5,0,5,2,9,10,7,6,8,4,5,0,0,92,0,8,8.5,0,8,1,8,7,3,10,1,4,8,0,0,100,1,8,8.0,1,8,4,2,1,8,9,1,5,3,0,0
40,2,59,0,1,7,8.0,0,0,8,1,9,7,2,9,1,0,0,0,48,1,7,7.5,1,5,9,7,4,2,1,10,8,0,0,0,45,1,7,7.5,1,2,9,10,7,6,8,4,5,0,0,0,91,0,7,8.0,0,1,8,7,3,10,1,4,8,0,0,0,100,0,7,7.0,1,4,2,1,8,9,1,5,3,0,0,0
40,3,34,0,1,6,7.0,1,0,1,9,7,2,9,1,0,0,0,0,39,1,6,7.0,0,9,7,4,2,1,10,8,0,0,0,0,45,1,6,6.5,1,9,10,7,6,8,4,5,0,0,0,0,91,0,6,7.0,1,0,7,3,10,1,4,8,0,0,0,0,98,1,6,6.5,0,2,1,8,9,1,5,3,0,0,0,0
40,4,15,0,1,5,6.0,1,0,9,7,2,9,1,0,0,0,0,0,32,1,5,6.5,0,7,4,2,1,10,8,0,0,0,0,0,45,1,5,5.5,1,10,7,6,8,4,5,0,0,0,0,0,91,0,5,6.0,1,0,3,10,1,4,8,0,0,0,0,0,98,1,5,5.5,1,1,8,9,1,5,3,0,0,0,0,0
40,5,4,0,1,4,5.5,0,0,7,2,9,1,0,0,0,0,0,0,32,1,4,5.5,1,4,2,1,10,8,0,0,0,0,0,0,45,1,4,4.5,1,7,6,8,4,5,0,0,0,0,0,0,88,0,4,5.5,0,3,10,1,4,8,0,0,0,0,0,0,90,0,4,5.0,0,8,9,1,5,3,0,0,0,0,0,0
40,6,0,0,1,3,4.5,1,0,2,9,1,0,0,0,0,0,0,0,30,1,3,5.0,0,2,1,10,8,0,0,0,0,0,0,0,39,1,3,4.0,0,6,8,4,5,0,0,0,0,0,0,0,88,0,3,4.5,1,0,1,4,8,0,0,0,0,0,0,0,81,0,3,4.5,0,9,1,5,3,0,0,0,0,0,0,0
40,7,0,0,1,2,4.0,0,0,9,1,0,0,0,0,0,0,0,0,30,1,2,4.0,1,0,10,8,0,0,0,0,0,0,0,0,31,1,2,3.5,0,8,4,5,0,0,0,0,0,0,0,0,87,0,2,4.0,0,1,4,8,0,0,0,0,0,0,0,0,80,0,2,4.0,0,1,5,3,0,0,0,0,0,0,0,0
40,8,0,0,1,1,3.0,1,0,1,0,0,0,0,0,0,0,0,0,30,0,1,3.0,1,0,8,0,0,0,0,0,0,0,0,0,31,1,1,2.5,1,0,5,0,0,0,0,0,0,0,0,0,87,0,1,3.0,1,0,8,0,0,0,0,0,0,0,0,0,75,0,1,3.5,0,5,3,0,0,0,0,0,0,0,0,0
40,9,0,0,1,0,2.0,1,0,0,0,0,0,0,0,0,0,0,0,30,0,0,2.0,1,0,0,0,0,0,0,0,0,0,0,0,31,1,0,1.5,1,0,0,0,0,0,0,0,0,0,0,0,79,0,0,2.5,0,8,0,0,0,0,0,0,0,0,0,0,75,0,0,2.5,1,0,0,0,0,0,0,0,0,0,0,0
41,0,81,6,0,9,9.5,0,4,9,6,6,1,7,5,6,4,5,0,50,1,9,9.0,1,9,7,2,4,10,9,6,10,3,4,0,50,1,9,9.0,1,8,9,4,1,3,1,1,3,5,2,0,92,1,9,9.5,0,8,5,8,3,10,9,4,10,5,2,0,100,0,9,9.0,1,0,5,10,8,5,10,2,5,1,2,0
41,1,62,6,0,8,8.5,1,0,6,6,1,7,5,6,4,5,0,0,43,1,8,8.5,0,7,2,4,10,9,6,10,3,4,0,0,41,0,8,8.5,0,9,4,1,3,1,1,3,5,2,0,0,92,1,8,8.5,1,5,8,3,10,9,4,10,5,2,0,0,100,0,8,8.0,1,0,10,8,5,10,2,5,1,2,0,0
41,2,42,6,0,7,7.5,1,0,6,1,7,5,6,4,5,0,0,0,43,1,7,7.5,1,2,4,10,9,6,10,3,4,0,0,0,41,0,7,7.5,1,0,1,3,1,1,3,5,2,0,0,0,92,1,7,7.5,1,8,3,10,9,4,10,5,2,0,0,0,90,0,7,7.5,0,10,8,5,10,2,5,1,2,0,0,0
41,3,32,6,0,6,6.5,1,0,1,7,5,6,4,5,0,0,0,0,43,1,6,6.5,1,4,10,9,6,10,3,4,0,0,0,0,40,0,6,7.0,0,1,3,1,1,3,5,2,0,0,0,0,89,0,6,7.0,0,3,10,9,4,10,5,2,0,0,0,0,82,1,6,7.0,0,8,5,10,2,5,1,2,0,0,0,0
41,4,29,5,0,5,6.0,0,1,7,5,6,4,5,0,0,0,0,0,33,1,5,6.0,0,10,9,6,10,3,4,0,0,0,0,0,40,0,5,6.0,1,0,1,1,3,5,2,0,0,0,0,0,79,0,5,6.5,0,10,9,4,10,5,2,0,0,0,0,0,77,1,5,6.5,0,5,10,2,5,1,2,0,0,0,0,0
41,5,12,5,0,4,5.0,1,0,5,6,4,5,0,0,0,0,0,0,24,1,4,5.5,0,9,6,10,3,4,0,0,0,0,0,0,39,0,4,5.5,0,1,1,3,5,2,0,0,0,0,0,0,70,0,4,6.0,0,9,4,10,5,2,0,0,0,0,0,0,77,1,4,5.5,1,10,2,5,1,2,0,0,0,0,0,0
41,6,10,0,0,3,4.5,0,5,6,4,5,0,0,0,0,0,0,0,18,1,3,5.0,0,6,10,3,4,0,0,0,0,0,0,0,38,0,3,5.0,0,1,3,5,2,0,0,0,0,0,0,0,66,0,3,5.5,0,4,10,5,2,0,0,0,0,0,0,0,77,1,3,4.5,1,2,5,1,2,0,0,0,0,0,0,0
41,7,0,0,0,2,3.5,1,0,4,5,0,0,0,0,0,0,0,0,8,1,2,4.5,0,10,3,4,0,0,0,0,0,0,0,0,35,1,2,4.5,0,3,5,2,0,0,0,0,0,0,0,0,66,0,2,4.5,1,0,5,2,0,0,0,0,0,0,0,0,77,1,2,3.5,1,0,1,2,0,0,0,0,0,0,0,0
41,8,0,0,0,1,2.5,1,0,5,0,0,0,0,0,0,0,0,0,5,1,1,4.0,0,3,4,0,0,0,0,0,0,0,0,0,35,0,1,3.5,1,0,2,0,0,0,0,0,0,0,0,0,66,0,1,3.5,1,0,2,0,0,0,0,0,0,0,0,0,76,0,1,3.0,0,1,2,0,0,0,0,0,0,0,0,0
41,9,0,0,0,0,2.0,0,0,0,0,0,0,0,0,0,0,0,0,5,1,0,3.0,1,0,0,0,0,0,0,0,0,0,0,0,35,1,0,2.5,1,0,0,0,0,0,0,0,0,0,0,0,66,1,0,2.5,1,0,0,0,0,0,0,0,0,0,0,0,76,0,0,2.0,1,0,0,0,0,0,0,0,0,0,0,0
42,0,79,10,0,9,9.0,1,0,5,4,3,1,7,1,6,1,4,0,42,0,9,9.5,0,8,3,3,5,3,10,8,5,3,8,0,50,1,9,9.0,1,0,8,10,5,2,3,5,4,3,10,0,94,0,9,9.5,0,6,4,2,10,4,6,3,9,2,3,0,100,1,9,9.0,1,0,4,8,3,5,10,9,10,8,7,0
42,1,63,10,0,8,8.0,1,0,4,3,1,7,1,6,1,4,0,0,42,0,8,8.5,1,0,3,5,3,10,8,5,3,8,0,0,42,1,8,8.5,0,8,10,5,2,3,5,4,3,10,0,0,94,0,8,8.5,1,0,2,10,4,6,3,9,2,3,0,0,100,1,8,8.0,1,4,8,3,5,10,9,10,8,7,0,0
42,2,39,10,0,7,7.0,1,0,3,1,7,1,6,1,4,0,0,0,39,0,7,8.0,0,3,5,3,10,8,5,3,8,0,0,0,42,1,7,7.5,1,10,5,2,3,5,4,3,10,0,0,0,94,0,7,7.5,1,0,10,4,6,3,9,2,3,0,0,0,100,0,7,7.0,1,8,3,5,10,9,10,8,7,0,0,0
42,3,23,10,1,6,6.0,1,0,1,7,1,6,1,4,0,0,0,0,34,0,6,7.5,0,5,3,10,8,5,3,8,0,0,0,0,37,1,6,7.0,0,5,2,3,5,4,3,10,0,0,0,0,94,0,6,6.5,1,0,4,6,3,9,2,3,0,0,0,0,100,0,6,6.0,1,0,5,10,9,10,8,7,0,0,0,0
42,4,13,10,1,5,5.0,1,1,7,1,6,1,4,0,0,0,0,0,31,0,5,7.0,0,3,10,8,5,3,8,0,0,0,0,0,35,1,5,6.5,0,2,3,5,4,3,10,0,0,0,0,0,94,1,5,5.5,1,0,6,3,9,2,3,0,0,0,0,0,100,0,5,5.0,1,0,10,9,10,8,7,0,0,0,0,0
42,5,0,3,1,4,4.5,0,7,1,6,1,4,0,0,0,0,0,0,31,0,4,6.0,1,0,8,5,3,8,0,0,0,0,0,0,35,1,4,5.5,1,3,5,4,3,10,0,0,0,0,0,0,94,1,4,4.5,1,0,3,9,2,3,0,0,0,0,0,0,100,1,4,4.0,1,0,9,10,8,7,0,0,0,0,0,0
42,6,0,3,1,3,3.5,1,0,6,1,4,0,0,0,0,0,0,0,31,0,3,5.0,1,0,5,3,8,0,0,0,0,0,0,0,30,1,3,5.0,0,5,4,3,10,0,0,0,0,0,0,0,94,1,3,3.5,1,0,9,2,3,0,0,0,0,0,0,0,91,1,3,3.5,0,9,10,8,7,0,0,0,0,0,0,0
42,7,0,3,1,2,2.5,1,0,1,4,0,0,0,0,0,0,0,0,31,0,2,4.0,1,0,3,8,0,0,0,0,0,0,0,0,30,0,2,4.0,1,0,3,10,0,0,0,0,0,0,0,0,94,0,2,2.5,1,0,2,3,0,0,0,0,0,0,0,0,91,1,2,2.5,1,0,8,7,0,0,0,0,0,0,0,0
42,8,0,3,1,1,1.5,1,0,4,0,0,0,0,0,0,0,0,0,31,0,1,3.0,1,0,8,0,0,0,0,0,0,0,0,0,27,1,1,3.5,0,3,10,0,0,0,0,0,0,0,0,0,92,0,1,2.0,0,2,3,0,0,0,0,0,0,0,0,0,83,1,1,2.0,0,8,7,0,0,0,0,0,0,0,0,0
42,9,0,0,1,0,1.0,0,0,0,0,0,0,0,0,0,0,0,0,23,0,0,2.5,0,8,0,0,0,0,0,0,0,0,0,0,27,1,0,2.5,1,0,0,0,0,0,0,0,0,0,0,0,92,1,0,1.0,1,0,0,0,0,0,0,0,0,0,0,0,83,0,0,1.0,1,0,0,0,0,0,0,0,0,0,0,0
43,0,90,10,1,9,9.0,1,6,6,4,8,10,2,1,1,9,3,0,50,1,9,9.0,1,1,9,8,3,3,9,2,3,6,6,0,47,0,9,9.5,0,3,1,1,6,3,6,10,8,1,7,0,100,0,9,9.0,1,0,5,1,5,7,9,9,1,4,9,0,90,1,9,9.5,0,10,2,5,8,4,1,1,1,2,7,0
43,1,68,10,1,8,8.0,1,6,4,8,10,2,1,1,9,3,0,0,50,1,8,8.0,1,9,8,3,3,9,2,3,6,6,0,0,46,0,8,9.0,0,1,1,6,3,6,10,8,1,7,0,0,100,0,8,8.0,1,0,1,5,7,9,9,1,4,9,0,0,90,1,8,8.5,1,2,5,8,4,1,1,1,2,7,0,0
43,2,63,10,1,7,7.0,1,4,8,10,2,1,1,9,3,0,0,0,42,1,7,7.5,0,8,3,3,9,2,3,6,6,0,0,0,46,0,7,8.0,1,0,6,3,6,10,8,1,7,0,0,0,99,1,7,7.5,0,1,5,7,9,9,1,4,9,0,0,0,85,1,7,8.0,0,5,8,4,1,1,1,2,7,0,0,0
43,3,50,10,1,6,6.0,1,8,10,2,1,1,9,3,0,0,0,0,39,1,6,7.0,0,3,3,9,2,3,6,6,0,0,0,0,40,0,6,7.5,0,6,3,6,10,8,1,7,0,0,0,0,99,0,6,6.5,1,5,7,9,9,1,4,9,0,0,0,0,77,1,6,7.5,0,8,4,1,1,1,2,7,0,0,0,0
43,4,43,0,1,5,5.5,0,10,2,1,1,9,3,0,0,0,0,0,36,1,5,6.5,0,3,9,2,3,6,6,0,0,0,0,0,37,0,5,7.0,0,3,6,10,8,1,7,0,0,0,0,0,99,0,5,5.5,1,0,9,9,1,4,9,0,0,0,0,0,73,1,5,7.0,0,4,1,1,1,2,7,0,0,0,0,0
43,5,34,0,1,4,5.0,0,0,1,1,9,3,0,0,0,0,0,0,36,1,4,5.5,1,9,2,3,6,6,0,0,0,0,0,0,31,1,4,6.5,0,6,10,8,1,7,0,0,0,0,0,0,90,0,4,5.0,0,9,9,1,4,9,0,0,0,0,0,0,72,1,4,6.5,0,1,1,1,2,7,0,0,0,0,0,0
43,6,11,0,1,3,4.0,1,0,1,9,3,0,0,0,0,0,0,0,36,1,3,4.5,1,2,3,6,6,0,0,0,0,0,0,0,31,1,3,5.5,1,10,8,1,7,0,0,0,0,0,0,0,90,0,3,4.0,1,0,1,4,9,0,0,0,0,0,0,0,72,1,3,5.5,1,1,1,2,7,0,0,0,0,0,0,0
43,7,8,0,1,2,3.5,0,0,9,3,0,0,0,0,0,0,0,0,36,1,2,3.5,1,3,6,6,0,0,0,0,0,0,0,0,23,0,2,5.0,0,8,1,7,0,0,0,0,0,0,0,0,89,0,2,3.5,0,1,4,9,0,0,0,0,0,0,0,0,71,0,2,5.0,0,1,2,7,0,0,0,0,0,0,0,0
43,8,1,0,1,1,3.0,0,0,3,0,0,0,0,0,0,0,0,0,36,1,1,2.5,1,6,6,0,0,0,0,0,0,0,0,0,23,0,1,4.0,1,0,7,0,0,0,0,0,0,0,0,0,85,0,1,3.0,0,4,9,0,0,0,0,0,0,0,0,0,69,0,1,4.5,0,2,7,0,0,0,0,0,0,0,0,0
43,9,0,0,1,0,2.5,0,0,0,0,0,0,0,0,0,0,0,0,36,1,0,1.5,1,0,0,0,0,0,0,0,0,0,0,0,16,0,0,3.5,0,7,0,0,0,0,0,0,0,0,0,0,85,0,0,2.0,1,0,0,0,0,0,0,0,0,0,0,0,69,0,0,3.5,1,0,0,0,0,0,0,0,0,0,0,0
44,0,86,7,0,9,9.5,0,3,9,9,2,6,10,10,2,10,9,0,50,1,9,9.0,1,9,1,4,3,3,3,9,6,7,3,0,50,1,9,9.0,1,1,4,5,6,4,8,7,1,9,4,0,95,0,9,9.5,0,5,8,6,5,3,10,8,7,8,6,0,100,0,9,9.0,1,0,9,1,9,5,6,10,9,8,2,0
44,1,69,0,0,8,9.0,0,0,9,2,6,10,10,2,10,9,0,0,49,1,8,8.5,0,1,4,3,3,3,9,6,7,3,0,0,46,1,8,8.5,0,4,5,6,4,8,7,1,9,4,0,0,95,1,8,8.5,1,0,6,5,3,10,8,7,8,6,0,0,100,1,8,8.0,1,0,1,9,5,6,10,9,8,2,0,0
44,2,54,0,0,7,8.0,1,0,2,6,10,10,2,10,9,0,0,0,45,1,7,8.0,0,4,3,3,3,9,6,7,3,0,0,0,41,1,7,8.0,0,5,6,4,8,7,1,9,4,0,0,0,95,1,7,7.5,1,6,5,3,10,8,7,8,6,0,0,0,99,1,7,7.5,0,1,9,5,6,10,9,8,2,0,0,0
44,3,34,0,0,6,7.0,1,0,6,10,10,2,10,9,0,0,0,0,45,1,6,7.0,1,3,3,3,9,6,7,3,0,0,0,0,41,1,6,7.0,1,6,4,8,7,1,9,4,0,0,0,0,90,1,6,7.0,0,5,3,10,8,7,8,6,0,0,0,0,99,1,6,6.5,1,9,5,6,10,9,8,2,0,0,0,0
44,4,26,0,0,5,6.5,0,0,10,10,2,10,9,0,0,0,0,0,45,1,5,6.0,1,3,3,9,6,7,3,0,0,0,0,0,37,1,5,6.5,0,4,8,7,1,9,4,0,0,0,0,0,87,1,5,6.5,0,3,10,8,7,8,6,0,0,0,0,0,99,1,5,5.5,1,5,6,10,9,8,2,0,0,0,0,0
44,5,13,0,0,4,5.5,1,0,10,2,10,9,0,0,0,0,0,0,45,0,4,5.0,1,3,9,6,7,3,0,0,0,0,0,0,29,1,4,6.0,0,8,7,1,9,4,0,0,0,0,0,0,77,1,4,6.0,0,10,8,7,8,6,0,0,0,0,0,0,93,1,4,5.0,0,6,10,9,8,2,0,0,0,0,0,0
44,6,0,0,0,3,4.5,1,0,2,10,9,0,0,0,0,0,0,0,45,0,3,4.0,1,0,6,7,3,0,0,0,0,0,0,0,22,1,3,5.5,0,7,1,9,4,0,0,0,0,0,0,0,69,1,3,5.5,0,8,7,8,6,0,0,0,0,0,0,0,93,1,3,4.0,1,0,9,8,2,0,0,0,0,0,0,0
44,7,0,0,0,2,3.5,1,0,10,9,0,0,0,0,0,0,0,0,45,1,2,3.0,1,0,7,3,0,0,0,0,0,0,0,0,22,1,2,4.5,1,0,9,4,0,0,0,0,0,0,0,0,69,1,2,4.5,1,0,8,6,0,0,0,0,0,0,0,0,93,1,2,3.0,1,0,8,2,0,0,0,0,0,0,0,0
44,8,0,0,0,1,2.5,1,0,9,0,0,0,0,0,0,0,0,0,45,1,1,2.0,1,0,3,0,0,0,0,0,0,0,0,0,13,1,1,4.0,0,9,4,0,0,0,0,0,0,0,0,0,61,1,1,4.0,0,8,6,0,0,0,0,0,0,0,0,0,85,1,1,2.5,0,8,2,0,0,0,0,0,0,0,0,0
44,9,0,0,0,0,2.0,0,0,0,0,0,0,0,0,0,0,0,0,45,1,0,1.0,1,0,0,0,0,0,0,0,0,0,0,0,9,1,0,3.5,0,4,0,0,0,0,0,0,0,0,0,0,61,1,0,3.0,1,0,0,0,0,0,0,0,0,0,0,0,85,0,0,1.5,1,0,0,0,0,0,0,0,0,0,0,0
45,0,88,3,1,9,9.5,0,7,9,2,5,8,10,9,8,2,3,0,50,1,9,9.0,1,2,9,7,10,4,6,7,7,5,9,0,50,1,9,9.0,1,7,3,9,4,8,4,8,6,1,2,0,95,0,9,9.5,0,5,5,10,3,7,2,1,6,4,2,0,100,1,9,9.0,1,3,5,3,2,7,1,3,9,3,7,0
45,1,83,0,1,8,9.0,0,0,2,5,8,10,9,8,2,3,0,0,41,1,8,8.5,0,9,7,10,4,6,7,7,5,9,0,0,47,1,8,8.5,0,3,9,4,8,4,8,6,1,2,0,0,95,0,8,8.5,1,0,10,3,7,2,1,6,4,2,0,0,95,1,8,8.5,0,5,3,2,7,1,3,9,3,7,0,0
45,2,70,0,1,7,8.5,0,0,5,8,10,9,8,2,3,0,0,0,34,1,7,8.0,0,7,10,4,6,7,7,5,9,0,0,0,38,1,7,8.0,0,9,4,8,4,8,6,1,2,0,0,0,95,0,7,7.5,1,0,3,7,2,1,6,4,2,0,0,0,95,1,7,7.5,1,3,2,7,1,3,9,3,7,0,0,0
45,3,55,0,1,6,7.5,1,0,8,10,9,8,2,3,0,0,0,0,34,1,6,7.0,1,10,4,6,7,7,5,9,0,0,0,0,34,1,6,7.5,0,4,8,4,8,6,1,2,0,0,0,0,92,1,6,7.0,0,3,7,2,1,6,4,2,0,0,0,0,93,1,6,7.0,0,2,7,1,3,9,3,7,0,0,0,0
45,4,43,0,1,5,7.0,0,0,10,9,8,2,3,0,0,0,0,0,34,1,5,6.0,1,4,6,7,7,5,9,0,0,0,0,0,34,1,5,6.5,1,8,4,8,6,1,2,0,0,0,0,0,85,0,5,6.5,0,7,2,1,6,4,2,0,0,0,0,0,86,1,5,6.5,0,7,1,3,9,3,7,0,0,0,0,0
45,5,28,0,1,4,6.0,1,0,9,8,2,3,0,0,0,0,0,0,28,1,4,5.5,0,6,7,7,5,9,0,0,0,0,0,0,34,1,4,5.5,1,4,8,6,1,2,0,0,0,0,0,0,83,0,4,6.0,0,2,1,6,4,2,0,0,0,0,0,0,86,1,4,5.5,1,1,3,9,3,7,0,0,0,0,0,0
45,6,15,0,1,3,5.0,1,0,8,2,3,0,0,0,0,0,0,0,21,1,3,5.0,0,7,7,5,9,0,0,0,0,0,0,0,26,1,3,5.0,0,8,6,1,2,0,0,0,0,0,0,0,83,0,3,5.0,1,0,6,4,2,0,0,0,0,0,0,0,86,1,3,4.5,1,3,9,3,7,0,0,0,0,0,0,0
45,7,0,0,1,2,4.0,1,0,2,3,0,0,0,0,0,0,0,0,21,0,2,4.0,1,7,5,9,0,0,0,0,0,0,0,0,20,1,2,4.5,0,6,1,2,0,0,0,0,0,0,0,0,83,0,2,4.0,1,0,4,2,0,0,0,0,0,0,0,0,86,1,2,3.5,1,0,3,7,0,0,0,0,0,0,0,0
45,8,0,0,0,1,3.0,1,0,3,0,0,0,0,0,0,0,0,0,16,0,1,3.5,0,5,9,0,0,0,0,0,0,0,0,0,19,1,1,4.0,0,1,2,0,0,0,0,0,0,0,0,0,79,0,1,3.5,0,4,2,0,0,0,0,0,0,0,0,0,83,0,1,3.0,0,3,7,0,0,0,0,0,0,0,0,0
45,9,0,0,0,0,2.0,1,0,0,0,0,0,0,0,0,0,0,0,16,0,0,2.5,1,0,0,0,0,0,0,0,0,0,0,0,17,1,0,3.5,0,2,0,0,0,0,0,0,0,0,0,0,79,1,0,2.5,1,0,0,0,0,0,0,0,0,0,0,0,76,0,0,2.5,0,7,0,0,0,0,0,0,0,0,0,0
46,0,80,9,0,9,9.5,0,1,8,2,6,7,2,9,5,6,3,0,50,0,9,9.0,1,0,2,2,9,5,10,3,3,3,4,0,50,1,9,9.0,1,5,8,2,1,2,9,10,5,7,9,0,100,1,9,9.0,1,9,1,8,2,4,4,6,3,10,6,0,99,1,9,9.5,0,1,10,4,4,7,8,5,10,8,1,0
46,1,61,9,0,8,8.5,1,0,2,6,7,2,9,5,6,3,0,0,48,0,8,8.5,0,2,2,9,5,10,3,3,3,4,0,0,42,1,8,8.5,0,8,2,1,2,9,10,5,7,9,0,0,100,1,8,8.0,1,1,8,2,4,4,6,3,10,6,0,0,99,1,8,8.5,1,10,4,4,7,8,5,10,8,1,0,0
46,2,47,9,0,7,7.5,1,0,6,7,2,9,5,6,3,0,0,0,46,0,7,8.0,0,2,9,5,10,3,3,3,4,0,0,0,40,0,7,8.0,0,2,1,2,9,10,5,7,9,0,0,0,100,0,7,7.0,1,8,2,4,4,6,3,10,6,0,0,0,99,1,7,7.5,1,4,4,7,8,5,10,8,1,0,0,0
46,3,32,3,0,6,7.0,0,6,7,2,9,5,6,3,0,0,0,0,46,0,6,7.0,1,0,5,10,3,3,3,4,0,0,0,0,39,0,6,7.5,0,1,2,9,10,5,7,9,0,0,0,0,100,0,6,6.0,1,0,4,4,6,3,10,6,0,0,0,0,99,1,6,6.5,1,4,7,8,5,10,8,1,0,0,0,0
46,4,9,3,0,5,6.0,1,0,2,9,5,6,3,0,0,0,0,0,46,0,5,6.0,1,0,10,3,3,3,4,0,0,0,0,0,37,0,5,7.0,0,2,9,10,5,7,9,0,0,0,0,0,100,0,5,5.0,1,0,4,6,3,10,6,0,0,0,0,0,99,1,5,5.5,1,7,8,5,10,8,1,0,0,0,0,0
46,5,0,1,0,4,5.5,0,2,9,5,6,3,0,0,0,0,0,0,36,0,4,5.5,0,10,3,3,3,4,0,0,0,0,0,0,28,0,4,6.5,0,9,10,5,7,9,0,0,0,0,0,0,100,0,4,4.0,1,0,6,3,10,6,0,0,0,0,0,0,99,0,4,4.5,1,0,5,10,8,1,0,0,0,0,0,0
46,6,0,1,0,3,4.5,1,0,5,6,3,0,0,0,0,0,0,0,36,0,3,4.5,1,0,3,3,4,0,0,0,0,0,0,0,18,0,3,6.0,0,10,5,7,9,0,0,0,0,0,0,0,100,0,3,3.0,1,0,3,10,6,0,0,0,0,0,0,0,94,0,3,4.0,0,5,10,8,1,0,0,0,0,0,0,0
46,7,0,0,0,2,4.0,0,0,6,3,0,0,0,0,0,0,0,0,36,0,2,3.5,1,0,3,4,0,0,0,0,0,0,0,0,13,0,2,5.5,0,5,7,9,0,0,0,0,0,0,0,0,100,0,2,2.0,1,0,10,6,0,0,0,0,0,0,0,0,84,0,2,3.5,0,10,8,1,0,0,0,0,0,0,0,0
46,8,0,0,0,1,3.5,0,0,3,0,0,0,0,0,0,0,0,0,36,1,1,2.5,1,0,4,0,0,0,0,0,0,0,0,0,6,1,1,5.0,0,7,9,0,0,0,0,0,0,0,0,0,100,0,1,1.0,1,0,6,0,0,0,0,0,0,0,0,0,84,0,1,2.5,1,0,1,0,0,0,0,0,0,0,0,0
46,9,0,0,0,0,3.0,0,0,0,0,0,0,0,0,0,0,0,0,32,0,0,2.0,0,4,0,0,0,0,0,0,0,0,0,0,0,1,0,4.5,0,0,0,0,0,0,0,0,0,0,0,0,94,0,0,0.5,0,6,0,0,0,0,0,0,0,0,0,0,84,0,0,1.5,1,0,0,0,0,0,0,0,0,0,0,0
47,0,74,10,0,9,9.0,1,0,7,7,5,8,3,8,10,2,5,0,50,1,9,9.0,1,8,7,4,9,6,8,3,3,4,10,0,45,1,9,9.5,0,5,9,3,10,4,9,6,5,9,4,0,100,0,9,9.0,1,5,6,2,10,7,7,4,7,5,5,0,100,0,9,9.0,1,3,6,7,10,6,6,4,10,10,4,0
47,1,54,10,0,8,8.0,1,0,7,5,8,3,8,10,2,5,0,0,50,1,8,8.0,1,7,4,9,6,8,3,3,4,10,0,0,36,1,8,9.0,0,9,3,10,4,9,6,5,9,4,0,0,94,0,8,8.5,0,6,2,10,7,7,4,7,5,5,0,0,100,1,8,8.0,1,0,7,10,6,6,4,10,10,4,0,0
47,2,40,3,0,7,7.5,0,7,5,8,3,8,10,2,5,0,0,0,50,1,7,7.0,1,4,9,6,8,3,3,4,10,0,0,0,36,1,7,8.0,1,3,10,4,9,6,5,9,4,0,0,0,92,0,7,8.0,0,2,10,7,7,4,7,5,5,0,0,0,100,0,7,7.0,1,7,10,6,6,4,10,10,4,0,0,0
47,3,10,0,0,6,7.0,0,0,8,3,8,10,2,5,0,0,0,0,41,1,6,6.5,0,9,6,8,3,3,4,10,0,0,0,0,36,1,6,7.0,1,10,4,9,6,5,9,4,0,0,0,0,92,0,6,7.0,1,0,7,7,4,7,5,5,0,0,0,0,100,0,6,6.0,1,0,6,6,4,10,10,4,0,0,0,0
47,4,3,0,0,5,6.5,0,0,3,8,10,2,5,0,0,0,0,0,35,1,5,6.0,0,6,8,3,3,4,10,0,0,0,0,0,32,1,5,6.5,0,4,9,6,5,9,4,0,0,0,0,0,92,0,5,6.0,1,0,7,4,7,5,5,0,0,0,0,0,94,1,5,5.5,0,6,6,4,10,10,4,0,0,0,0,0
47,5,0,0,1,4,6.0,0,0,8,10,2,5,0,0,0,0,0,0,35,1,4,5.0,1,0,3,3,4,10,0,0,0,0,0,0,23,1,4,6.0,0,9,6,5,9,4,0,0,0,0,0,0,92,0,4,5.0,1,0,4,7,5,5,0,0,0,0,0,0,88,1,4,5.0,0,6,4,10,10,4,0,0,0,0,0,0
47,6,0,0,1,3,5.0,1,0,10,2,5,0,0,0,0,0,0,0,35,1,3,4.0,1,0,3,4,10,0,0,0,0,0,0,0,17,1,3,5.5,0,6,5,9,4,0,0,0,0,0,0,0,88,0,3,4.5,0,4,7,5,5,0,0,0,0,0,0,0,88,0,3,4.0,1,0,10,10,4,0,0,0,0,0,0,0
47,7,0,0,1,2,4.0,1,0,2,5,0,0,0,0,0,0,0,0,35,0,2,3.0,1,0,4,10,0,0,0,0,0,0,0,0,12,1,2,5.0,0,5,9,4,0,0,0,0,0,0,0,0,81,1,2,4.0,0,7,5,5,0,0,0,0,0,0,0,0,88,0,2,3.0,1,0,10,4,0,0,0,0,0,0,0,0
47,8,0,0,1,1,3.0,1,0,5,0,0,0,0,0,0,0,0,0,35,0,1,2.0,1,0,10,0,0,0,0,0,0,0,0,0,3,1,1,4.5,0,9,4,0,0,0,0,0,0,0,0,0,76,1,1,3.5,0,5,5,0,0,0,0,0,0,0,0,0,88,0,1,2.0,1,0,4,0,0,0,0,0,0,0,0,0
47,9,0,0,1,0,2.5,0,0,0,0,0,0,0,0,0,0,0,0,25,1,0,1.5,0,10,0,0,0,0,0,0,0,0,0,0,3,1,0,3.5,1,0,0,0,0,0,0,0,0,0,0,0,71,1,0,3.0,0,5,0,0,0,0,0,0,0,0,0,0,88,0,0,1.0,1,0,0,0,0,0,0,0,0,0,0,0
48,0,80,10,1,9,9.0,1,10,5,10,10,5,7,6,3,10,2,0,50,0,9,9.0,1,0,10,1,7,5,1,4,7,1,8,0,41,1,9,9.5,0,9,4,1,8,6,5,4,10,10,2,0,97,0,9,9.5,0,3,6,9,8,9,4,8,4,6,4,0,96,1,9,9.5,0,4,7,5,7,1,6,3,8,6,10,0
48,1,62,10,1,8,8.0,1,5,10,10,5,7,6,3,10,2,0,0,40,0,8,8.5,0,10,1,7,5,1,4,7,1,8,0,0,37,1,8,9.0,0,4,1,8,6,5,4,10,10,2,0,0,97,0,8,8.5,1,0,9,8,9,4,8,4,6,4,0,0,96,1,8,8.5,1,7,5,7,1,6,3,8,6,10,0,0
48,2,47,0,1,7,7.5,0,10,10,5,7,6,3,10,2,0,0,0,40,0,7,7.5,1,0,7,5,1,4,7,1,8,0,0,0,36,1,7,8.5,0,1,8,6,5,4,10,10,2,0,0,0,97,0,7,7.5,1,0,8,9,4,8,4,6,4,0,0,0,96,1,7,7.5,1,5,7,1,6,3,8,6,10,0,0,0
48,3,22,0,1,6,6.5,1,0,5,7,6,3,10,2,0,0,0,0,40,0,6,6.5,1,0,5,1,4,7,1,8,0,0,0,0,36,1,6,7.5,1,8,6,5,4,10,10,2,0,0,0,0,89,0,6,7.0,0,8,9,4,8,4,6,4,0,0,0,0,89,1,6,7.0,0,7,1,6,3,8,6,10,0,0,0,0
48,4,12,0,1,5,5.5,1,0,7,6,3,10,2,0,0,0,0,0,40,0,5,5.5,1,0,1,4,7,1,8,0,0,0,0,0,30,1,5,7.0,0,6,5,4,10,10,2,0,0,0,0,0,80,1,5,6.5,0,9,4,8,4,6,4,0,0,0,0,0,88,1,5,6.5,0,1,6,3,8,6,10,0,0,0,0,0
48,5,0,0,1,4,4.5,1,0,6,3,10,2,0,0,0,0,0,0,39,0,4,5.0,0,1,4,7,1,8,0,0,0,0,0,0,30,1,4,6.0,1,5,4,10,10,2,0,0,0,0,0,0,80,1,4,5.5,1,0,8,4,6,4,0,0,0,0,0,0,82,1,4,6.0,0,6,3,8,6,10,0,0,0,0,0,0
48,6,0,0,1,3,4.0,0,0,3,10,2,0,0,0,0,0,0,0,39,0,3,4.0,1,0,7,1,8,0,0,0,0,0,0,0,26,1,3,5.5,0,4,10,10,2,0,0,0,0,0,0,0,80,1,3,4.5,1,0,4,6,4,0,0,0,0,0,0,0,82,0,3,5.0,1,0,8,6,10,0,0,0,0,0,0,0
48,7,0,0,1,2,3.0,1,0,10,2,0,0,0,0,0,0,0,0,39,1,2,3.0,1,0,1,8,0,0,0,0,0,0,0,0,26,0,2,4.5,1,0,10,2,0,0,0,0,0,0,0,0,76,1,2,4.0,0,4,6,4,0,0,0,0,0,0,0,0,82,0,2,4.0,1,0,6,10,0,0,0,0,0,0,0,0
48,8,0,0,1,1,2.5,0,0,2,0,0,0,0,0,0,0,0,0,39,1,1,2.0,1,0,8,0,0,0,0,0,0,0,0,0,16,1,1,4.0,0,10,2,0,0,0,0,0,0,0,0,0,76,0,1,3.0,1,0,4,0,0,0,0,0,0,0,0,0,82,0,1,3.0,1,0,10,0,0,0,0,0,0,0,0,0
48,9,0,0,1,0,2.0,0,0,0,0,0,0,0,0,0,0,0,0,31,1,0,1.5,0,8,0,0,0,0,0,0,0,0,0,0,14,1,0,3.5,0,2,0,0,0,0,0,0,0,0,0,0,76,0,0,2.0,1,0,0,0,0,0,0,0,0,0,0,0,82,0,0,2.0,1,0,0,0,0,0,0,0,0,0,0,0
49,0,91,8,0,9,9.5,0,2,3,3,8,4,1,4,2,7,4,0,50,0,9,9.0,1,0,9,2,1,1,2,7,10,6,6,0,43,1,9,9.5,0,7,6,6,6,9,7,1,9,2,8,0,92,0,9,9.5,0,8,7,5,2,6,1,2,7,1,9,0,98,1,9,9.5,0,2,5,10,4,3,6,4,10,10,1,0
49,1,66,8,0,8,8.5,1,0,3,8,4,1,4,2,7,4,0,0,50,0,8,8.0,1,0,2,1,1,2,7,10,6,6,0,0,43,1,8,8.5,1,6,6,6,9,7,1,9,2,8,0,0,92,1,8,8.5,1,0,5,2,6,1,2,7,1,9,0,0,93,1,8,9.0,0,5,10,4,3,6,4,10,10,1,0,0
49,2,49,5,0,7,8.0,0,3,8,4,1,4,2,7,4,0,0,0,50,0,7,7.0,1,0,1,1,2,7,10,6,6,0,0,0,37,1,7,8.0,0,6,6,9,7,1,9,2,8,0,0,0,92,1,7,7.5,1,5,2,6,1,2,7,1,9,0,0,0,93,1,7,8.0,1,10,4,3,6,4,10,10,1,0,0,0
49,3,35,5,0,6,7.0,1,0,4,1,4,2,7,4,0,0,0,0,49,1,6,6.5,0,1,1,2,7,10,6,6,0,0,0,0,31,1,6,7.5,0,6,9,7,1,9,2,8,0,0,0,0,92,1,6,6.5,1,2,6,1,2,7,1,9,0,0,0,0,93,1,6,7.0,1,4,3,6,4,10,10,1,0,0,0,0
49,4,17,1,0,5,6.5,0,4,1,4,2,7,4,0,0,0,0,0,48,1,5,6.0,0,1,2,7,10,6,6,0,0,0,0,0,31,1,5,6.5,1,9,7,1,9,2,8,0,0,0,0,0,92,1,5,5.5,1,6,1,2,7,1,9,0,0,0,0,0,93,1,5,6.0,1,3,6,4,10,10,1,0,0,0,0,0
49,5,17,0,0,4,6.0,0,1,4,2,7,4,0,0,0,0,0,0,46,1,4,5.5,0,2,7,10,6,6,0,0,0,0,0,0,24,1,4,6.0,0,7,1,9,2,8,0,0,0,0,0,0,91,1,4,5.0,0,1,2,7,1,9,0,0,0,0,0,0,87,1,4,5.5,0,6,4,10,10,1,0,0,0,0,0,0
49,6,9,0,0,3,5.0,1,0,2,7,4,0,0,0,0,0,0,0,39,1,3,5.0,0,7,10,6,6,0,0,0,0,0,0,0,23,1,3,5.5,0,1,9,2,8,0,0,0,0,0,0,0,89,1,3,4.5,0,2,7,1,9,0,0,0,0,0,0,0,87,1,3,4.5,1,4,10,10,1,0,0,0,0,0,0,0
49,7,0,0,0,2,4.5,0,0,7,4,0,0,0,0,0,0,0,0,39,1,2,4.0,1,0,6,6,0,0,0,0,0,0,0,0,23,1,2,4.5,1,0,2,8,0,0,0,0,0,0,0,0,89,1,2,3.5,1,0,1,9,0,0,0,0,0,0,0,0,87,1,2,3.5,1,0,10,1,0,0,0,0,0,0,0,0
49,8,0,0,0,1,3.5,1,0,4,0,0,0,0,0,0,0,0,0,39,1,1,3.0,1,0,6,0,0,0,0,0,0,0,0,0,21,1,1,4.0,0,2,8,0,0,0,0,0,0,0,0,0,88,1,1,3.0,0,1,9,0,0,0,0,0,0,0,0,0,77,1,1,3.0,0,10,1,0,0,0,0,0,0,0,0,0
49,9,0,0,0,0,3.0,0,0,0,0,0,0,0,0,0,0,0,0,39,1,0,2.0,1,0,0,0,0,0,0,0,0,0,0,0,13,1,0,3.5,0,8,0,0,0,0,0,0,0,0,0,0,88,1,0,2.0,1,0,0,0,0,0,0,0,0,0,0,0,76,0,0,2.5,0,1,0,0,0,0,0,0,0,0,0,0
50,0,67,10,1,9,9.0,1,10,1,10,8,9,6,5,7,2,1,0,50,0,9,9.0,1,0,9,10,6,9,5,4,6,2,10,0,50,0,9,9.0,1,0,10,8,4,7,3,6,9,8,4,0,100,0,9,9.0,1,0,8,10,7,1,5,5,10,8,5,0,91,0,9,9.5,0,9,6,10,9,7,1,7,9,4,4,0
50,1,49,10,1,8,8.0,1,1,10,8,9,6,5,7,2,1,0,0,50,0,8,8.0,1,0,10,6,9,5,4,6,2,10,0,0,40,0,8,8.5,0,10,8,4,7,3,6,9,8,4,0,0,100,1,8,8.0,1,0,10,7,1,5,5,10,8,5,0,0,85,0,8,9.0,0,6,10,9,7,1,7,9,4,4,0,0
50,2,1,10,1,7,7.0,1,10,8,9,6,5,7,2,1,0,0,0,50,0,7,7.0,1,0,6,9,5,4,6,2,10,0,0,0,40,1,7,7.5,1,0,4,7,3,6,9,8,4,0,0,0,100,1,7,7.0,1,10,7,1,5,5,10,8,5,0,0,0,85,0,7,8.0,1,0,9,7,1,7,9,4,4,0,0,0
50,3,0,10,1,6,6.0,1,0,9,6,5,7,2,1,0,0,0,0,44,0,6,6.5,0,6,9,5,4,6,2,10,0,0,0,0,36,1,6,7.0,0,4,7,3,6,9,8,4,0,0,0,0,100,1,6,6.0,1,0,1,5,5,10,8,5,0,0,0,0,85,0,6,7.0,1,0,7,1,7,9,4,4,0,0,0,0
50,4,0,10,1,5,5.0,1,0,6,5,7,2,1,0,0,0,0,0,44,1,5,5.5,1,0,5,4,6,2,10,0,0,0,0,0,29,1,5,6.5,0,7,3,6,9,8,4,0,0,0,0,0,99,1,5,5.5,0,1,5,5,10,8,5,0,0,0,0,0,85,0,5,6.0,1,0,1,7,9,4,4,0,0,0,0,0
50,5,0,10,1,4,4.0,1,0,5,7,2,1,0,0,0,0,0,0,39,1,4,5.0,0,5,4,6,2,10,0,0,0,0,0,0,29,1,4,5.5,1,0,6,9,8,4,0,0,0,0,0,0,99,0,4,4.5,1,0,5,10,8,5,0,0,0,0,0,0,84,0,4,5.5,0,1,7,9,4,4,0,0,0,0,0,0
50,6,0,10,1,3,3.0,1,0,7,2,1,0,0,0,0,0,0,0,39,1,3,4.0,1,0,6,2,10,0,0,0,0,0,0,0,23,1,3,5.0,0,6,9,8,4,0,0,0,0,0,0,0,94,0,3,4.0,0,5,10,8,5,0,0,0,0,0,0,0,84,0,3,4.5,1,0,9,4,4,0,0,0,0,0,0,0
50,7,0,10,1,2,2.0,1,0,2,1,0,0,0,0,0,0,0,0,39,1,2,3.0,1,0,2,10,0,0,0,0,0,0,0,0,14,1,2,4.5,0,9,8,4,0,0,0,0,0,0,0,0,84,0,2,3.5,0,10,8,5,0,0,0,0,0,0,0,0,84,0,2,3.5,1,0,4,4,0,0,0,0,0,0,0,0
50,8,0,8,0,1,1.5,0,2,1,0,0,0,0,0,0,0,0,0,39,1,1,2.0,1,0,10,0,0,0,0,0,0,0,0,0,6,1,1,4.0,0,8,4,0,0,0,0,0,0,0,0,0,76,0,1,3.0,0,8,5,0,0,0,0,0,0,0,0,0,84,0,1,2.5,1,0,4,0,0,0,0,0,0,0,0,0
50,9,0,7,0,0,1.0,0,1,0,0,0,0,0,0,0,0,0,0,39,1,0,1.0,1,0,0,0,0,0,0,0,0,0,0,0,2,1,0,3.5,0,4,0,0,0,0,0,0,0,0,0,0,76,0,0,2.0,1,0,0,0,0,0,0,0,0,0,0,0,80,0,0,2.0,0,4,0,0,0,0,0,0,0,0,0,0
51,0,98,1,0,9,9.5,0,9,7,6,7,9,3,3,3,8,6,0,50,1,9,9.0,1,1,6,3,2,10,5,8,6,6,10,0,42,1,9,9.5,0,8,2,5,10,2,7,7,2,8,9,0,95,1,9,9.5,0,5,6,8,1,4,4,7,7,10,6,0,100,0,9,9.0,1,1,9,1,9,8,1,6,6,1,4,0
51,1,68,1,0,8,8.5,1,0,6,7,9,3,3,3,8,6,0,0,50,1,8,8.0,1,6,3,2,10,5,8,6,6,10,0,0,42,1,8,8.5,1,2,5,10,2,7,7,2,8,9,0,0,95,1,8,8.5,1,6,8,1,4,4,7,7,10,6,0,0,100,0,8,8.0,1,0,1,9,8,1,6,6,1,4,0,0
51,2,48,1,0,7,7.5,1,0,7,9,3,3,3,8,6,0,0,0,47,1,7,7.5,0,3,2,10,5,8,6,6,10,0,0,0,42,1,7,7.5,1,5,10,2,7,7,2,8,9,0,0,0,95,1,7,7.5,1,8,1,4,4,7,7,10,6,0,0,0,100,0,7,7.0,1,0,9,8,1,6,6,1,4,0,0,0
51,3,31,1,0,6,6.5,1,0,9,3,3,3,8,6,0,0,0,0,45,1,6,7.0,0,2,10,5,8,6,6,10,0,0,0,0,32,1,6,7.0,0,10,2,7,7,2,8,9,0,0,0,0,95,1,6,6.5,1,1,4,4,7,7,10,6,0,0,0,0,100,0,6,6.0,1,0,8,1,6,6,1,4,0,0,0,0
51,4,2,1,0,5,5.5,1,0,3,3,3,8,6,0,0,0,0,0,45,1,5,6.0,1,10,5,8,6,6,10,0,0,0,0,0,32,1,5,6.0,1,2,7,7,2,8,9,0,0,0,0,0,91,1,5,6.0,0,4,4,7,7,10,6,0,0,0,0,0,100,0,5,5.0,1,0,1,6,6,1,4,0,0,0,0,0
51,5,0,0,0,4,5.0,0,0,3,3,8,6,0,0,0,0,0,0,45,0,4,5.0,1,0,8,6,6,10,0,0,0,0,0,0,25,1,4,5.5,0,7,7,2,8,9,0,0,0,0,0,0,91,1,4,5.0,1,0,7,7,10,6,0,0,0,0,0,0,99,0,4,4.5,0,1,6,6,1,4,0,0,0,0,0,0
51,6,0,0,0,3,4.5,0,0,3,8,6,0,0,0,0,0,0,0,45,0,3,4.0,1,0,6,6,10,0,0,0,0,0,0,0,25,1,3,4.5,1,0,2,8,9,0,0,0,0,0,0,0,91,1,3,4.0,1,0,7,10,6,0,0,0,0,0,0,0,93,0,3,4.0,0,6,6,1,4,0,0,0,0,0,0,0
51,7,0,0,0,2,4.0,0,0,8,6,0,0,0,0,0,0,0,0,45,1,2,3.0,1,0,6,10,0,0,0,0,0,0,0,0,23,1,2,4.0,0,2,8,9,0,0,0,0,0,0,0,0,91,1,2,3.0,1,0,10,6,0,0,0,0,0,0,0,0,93,0,2,3.0,1,0,1,4,0,0,0,0,0,0,0,0
51,8,0,0,0,1,3.0,1,0,6,0,0,0,0,0,0,0,0,0,45,1,1,2.0,1,0,10,0,0,0,0,0,0,0,0,0,23,1,1,3.0,1,0,9,0,0,0,0,0,0,0,0,0,81,1,1,2.5,0,10,6,0,0,0,0,0,0,0,0,0,92,0,1,2.5,0,1,4,0,0,0,0,0,0,0,0,0
51,9,0,0,0,0,2.0,1,0,0,0,0,0,0,0,0,0,0,0,45,1,0,1.0,1,0,0,0,0,0,0,0,0,0,0,0,23,0,0,2.0,1,0,0,0,0,0,0,0,0,0,0,0,81,0,0,1.5,1,0,0,0,0,0,0,0,0,0,0,0,92,0,0,1.5,1,0,0,0,0,0,0,0,0,0,0,0
52,0,69,10,1,9,9.0,1,7,10,9,2,5,9,3,1,9,2,0,50,0,9,9.0,1,0,8,1,2,10,9,9,8,6,3,0,43,0,9,9.5,0,7,9,3,10,6,1,6,10,3,8,0,100,1,9,9.0,1,10,1,6,2,4,6,7,8,3,8,0,100,0,9,9.0,1,0,2,9,4,1,2,9,6,10,6,0
52,1,39,10,1,8,8.0,1,10,9,2,5,9,3,1,9,2,0,0,50,1,8,8.0,1,0,1,2,10,9,9,8,6,3,0,0,43,0,8,8.5,1,0,3,10,6,1,6,10,3,8,0,0,100,0,8,8.0,1,1,6,2,4,6,7,8,3,8,0,0,100,0,8,8.0,1,0,9,4,1,2,9,6,10,6,0,0
52,2,26,10,1,7,7.0,1,9,2,5,9,3,1,9,2,0,0,0,50,1,7,7.0,1,1,2,10,9,9,8,6,3,0,0,0,43,0,7,7.5,1,0,10,6,1,6,10,3,8,0,0,0,94,0,7,7.5,0,6,2,4,6,7,8,3,8,0,0,0,91,1,7,7.5,0,9,4,1,2,9,6,10,6,0,0,0
52,3,16,10,1,6,6.0,1,2,5,9,3,1,9,2,0,0,0,0,50,1,6,6.0,1,2,10,9,9,8,6,3,0,0,0,0,33,0,6,7.0,0,10,6,1,6,10,3,8,0,0,0,0,94,0,6,6.5,1,0,4,6,7,8,3,8,0,0,0,0,91,1,6,6.5,1,4,1,2,9,6,10,6,0,0,0,0
52,4,0,5,1,5,5.5,0,5,9,3,1,9,2,0,0,0,0,0,50,1,5,5.0,1,10,9,9,8,6,3,0,0,0,0,0,33,0,5,6.0,1,0,1,6,10,3,8,0,0,0,0,0,90,0,5,6.0,0,4,6,7,8,3,8,0,0,0,0,0,91,1,5,5.5,1,0,2,9,6,10,6,0,0,0,0,0
52,5,0,5,1,4,4.5,1,0,3,1,9,2,0,0,0,0,0,0,41,1,4,4.5,0,9,9,8,6,3,0,0,0,0,0,0,32,1,4,5.5,0,1,6,10,3,8,0,0,0,0,0,0,90,0,4,5.0,1,0,7,8,3,8,0,0,0,0,0,0,91,1,4,4.5,1,0,9,6,10,6,0,0,0,0,0,0
52,6,0,2,1,3,4.0,0,3,1,9,2,0,0,0,0,0,0,0,32,1,3,4.0,0,9,8,6,3,0,0,0,0,0,0,0,32,1,3,4.5,1,0,10,3,8,0,0,0,0,0,0,0,90,0,3,4.0,1,0,8,3,8,0,0,0,0,0,0,0,91,1,3,3.5,1,0,6,10,6,0,0,0,0,0,0,0
52,7,0,2,1,2,3.0,1,0,9,2,0,0,0,0,0,0,0,0,32,0,2,3.0,1,0,6,3,0,0,0,0,0,0,0,0,22,1,2,4.0,0,10,3,8,0,0,0,0,0,0,0,0,82,0,2,3.5,0,8,3,8,0,0,0,0,0,0,0,0,91,1,2,2.5,1,0,10,6,0,0,0,0,0,0,0,0
52,8,0,2,1,1,2.0,1,0,2,0,0,0,0,0,0,0,0,0,32,0,1,2.0,1,0,3,0,0,0,0,0,0,0,0,0,22,1,1,3.0,1,0,8,0,0,0,0,0,0,0,0,0,79,1,1,3.0,0,3,8,0,0,0,0,0,0,0,0,0,81,1,1,2.0,0,10,6,0,0,0,0,0,0,0,0,0
52,9,0,2,1,0,1.0,1,0,0,0,0,0,0,0,0,0,0,0,29,0,0,1.5,0,3,0,0,0,0,0,0,0,0,0,0,14,1,0,2.5,0,8,0,0,0,0,0,0,0,0,0,0,71,1,0,2.5,0,8,0,0,0,0,0,0,0,0,0,0,75,0,0,1.5,0,6,0,0,0,0,0,0,0,0,0,0
53,0,85,2,1,9,9.5,0,8,1,10,4,1,10,2,5,10,8,0,48,0,9,9.5,0,2,9,8,5,1,3,3,5,3,2,0,50,1,9,9.0,1,7,8,10,5,7,3,4,8,3,9,0,95,1,9,9.5,0,5,8,4,8,2,10,7,9,1,5,0,100,0,9,9.0,1,8,7,2,9,6,8,10,1,8,3,0
53,1,61,1,1,8,9.0,0,1,10,4,1,10,2,5,10,8,0,0,48,0,8,8.5,1,0,8,5,1,3,3,5,3,2,0,0,42,1,8,8.5,0,8,10,5,7,3,4,8,3,9,0,0,95,1,8,8.5,1,8,4,8,2,10,7,9,1,5,0,0,100,0,8,8.0,1,0,2,9,6,8,10,1,8,3,0,0
53,2,37,1,1,7,8.0,1,0,4,1,10,2,5,10,8,0,0,0,48,0,7,7.5,1,0,5,1,3,3,5,3,2,0,0,0,32,1,7,8.0,0,10,5,7,3,4,8,3,9,0,0,0,95,1,7,7.5,1,4,8,2,10,7,9,1,5,0,0,0,100,1,7,7.0,1,0,9,6,8,10,1,8,3,0,0,0
53,3,11,1,1,6,7.0,1,0,1,10,2,5,10,8,0,0,0,0,43,0,6,7.0,0,5,1,3,3,5,3,2,0,0,0,0,32,1,6,7.0,1,5,7,3,4,8,3,9,0,0,0,0,95,1,6,6.5,1,8,2,10,7,9,1,5,0,0,0,0,100,1,6,6.0,1,9,6,8,10,1,8,3,0,0,0,0
53,4,3,1,0,5,6.0,1,1,10,2,5,10,8,0,0,0,0,0,43,0,5,6.0,1,0,3,3,5,3,2,0,0,0,0,0,25,1,5,6.5,0,7,3,4,8,3,9,0,0,0,0,0,93,0,5,6.0,0,2,10,7,9,1,5,0,0,0,0,0,100,1,5,5.0,1,6,8,10,1,8,3,0,0,0,0,0
53,5,0,1,0,4,5.0,1,0,2,5,10,8,0,0,0,0,0,0,43,0,4,5.0,1,0,3,5,3,2,0,0,0,0,0,0,22,1,4,6.0,0,3,4,8,3,9,0,0,0,0,0,0,83,0,4,5.5,0,10,7,9,1,5,0,0,0,0,0,0,92,1,4,4.5,0,8,10,1,8,3,0,0,0,0,0,0
53,6,0,0,0,3,4.5,0,0,5,10,8,0,0,0,0,0,0,0,43,0,3,4.0,1,0,5,3,2,0,0,0,0,0,0,0,18,1,3,5.5,0,4,8,3,9,0,0,0,0,0,0,0,76,0,3,5.0,0,7,9,1,5,0,0,0,0,0,0,0,92,1,3,3.5,1,0,1,8,3,0,0,0,0,0,0,0
53,7,0,0,0,2,4.0,0,0,10,8,0,0,0,0,0,0,0,0,38,0,2,3.5,0,5,3,2,0,0,0,0,0,0,0,0,10,0,2,5.0,0,8,3,9,0,0,0,0,0,0,0,0,67,0,2,4.5,0,9,1,5,0,0,0,0,0,0,0,0,91,1,2,3.0,0,1,8,3,0,0,0,0,0,0,0,0
53,8,0,0,0,1,3.5,0,0,8,0,0,0,0,0,0,0,0,0,35,0,1,3.0,0,3,2,0,0,0,0,0,0,0,0,0,7,0,1,4.5,0,3,9,0,0,0,0,0,0,0,0,0,67,0,1,3.5,1,0,5,0,0,0,0,0,0,0,0,0,91,1,1,2.0,1,0,3,0,0,0,0,0,0,0,0,0
53,9,0,0,0,0,3.0,0,0,0,0,0,0,0,0,0,0,0,0,33,0,0,2.5,0,2,0,0,0,0,0,0,0,0,0,0,7,0,0,3.5,1,0,0,0,0,0,0,0,0,0,0,0,62,0,0,3.0,0,5,0,0,0,0,0,0,0,0,0,0,91,1,0,1.0,1,0,0,0,0,0,0,0,0,0,0,0
54,0,89,0,0,9,9.5,0,10,8,9,4,4,1,1,10,8,9,0,50,0,9,9.0,1,0,9,4,2,5,9,10,10,5,10,0,40,1,9,9.5,0,10,9,10,3,9,9,5,9,6,6,0,100,1,9,9.0,1,5,1,2,2,3,1,6,6,1,8,0,91,1,9,9.5,0,9,1,6,1,10,4,9,8,3,2,0
54,1,72,0,0,8,8.5,1,0,9,4,4,1,1,10,8,9,0,0,50,0,8,8.0,1,0,4,2,5,9,10,10,5,10,0,0,31,1,8,9.0,0,9,10,3,9,9,5,9,6,6,0,0,99,1,8,8.5,0,1,2,2,3,1,6,6,1,8,0,0,90,1,8,9.0,0,1,6,1,10,4,9,8,3,2,0,0
54,2,51,0,0,7,7.5,1,0,4,4,1,1,10,8,9,0,0,0,50,0,7,7.0,1,0,2,5,9,10,10,5,10,0,0,0,21,1,7,8.5,0,10,3,9,9,5,9,6,6,0,0,0,99,1,7,7.5,1,2,2,3,1,6,6,1,8,0,0,0,90,0,7,8.0,1,6,1,10,4,9,8,3,2,0,0,0
54,3,43,0,0,6,6.5,1,0,4,1,1,10,8,9,0,0,0,0,48,0,6,6.5,0,2,5,9,10,10,5,10,0,0,0,0,21,1,6,7.5,1,3,9,9,5,9,6,6,0,0,0,0,97,1,6,7.0,0,2,3,1,6,6,1,8,0,0,0,0,90,0,6,7.0,1,0,10,4,9,8,3,2,0,0,0,0
54,4,29,0,0,5,5.5,1,0,1,1,10,8,9,0,0,0,0,0,43,0,5,6.0,0,5,9,10,10,5,10,0,0,0,0,0,12,1,5,7.0,0,9,9,5,9,6,6,0,0,0,0,0,94,1,5,6.5,0,3,1,6,6,1,8,0,0,0,0,0,90,1,5,6.0,1,0,4,9,8,3,2,0,0,0,0,0
54,5,18,0,0,4,4.5,1,0,1,10,8,9,0,0,0,0,0,0,34,0,4,5.5,0,9,10,10,5,10,0,0,0,0,0,0,12,1,4,6.0,1,9,5,9,6,6,0,0,0,0,0,0,94,1,4,5.5,1,1,6,6,1,8,0,0,0,0,0,0,86,1,4,5.5,0,4,9,8,3,2,0,0,0,0,0,0
54,6,2,0,0,3,4.0,0,0,10,8,9,0,0,0,0,0,0,0,34,1,3,4.5,1,0,10,5,10,0,0,0,0,0,0,0,7,0,3,5.5,0,5,9,6,6,0,0,0,0,0,0,0,94,1,3,4.5,1,6,6,1,8,0,0,0,0,0,0,0,77,1,3,5.0,0,9,8,3,2,0,0,0,0,0,0,0
54,7,0,0,1,2,3.0,1,0,8,9,0,0,0,0,0,0,0,0,34,1,2,3.5,1,0,5,10,0,0,0,0,0,0,0,0,7,0,2,4.5,1,0,6,6,0,0,0,0,0,0,0,0,88,1,2,4.0,0,6,1,8,0,0,0,0,0,0,0,0,69,1,2,4.5,0,8,3,2,0,0,0,0,0,0,0,0
54,8,0,0,1,1,2.5,0,0,9,0,0,0,0,0,0,0,0,0,34,1,1,2.5,1,0,10,0,0,0,0,0,0,0,0,0,1,0,1,4.0,0,6,6,0,0,0,0,0,0,0,0,0,88,1,1,3.0,1,0,8,0,0,0,0,0,0,0,0,0,69,1,1,3.5,1,0,2,0,0,0,0,0,0,0,0,0
54,9,0,0,1,0,2.0,0,0,0,0,0,0,0,0,0,0,0,0,24,1,0,2.0,0,10,0,0,0,0,0,0,0,0,0,0,0,0,0,3.5,0,0,0,0,0,0,0,0,0,0,0,0,88,0,0,2.0,1,0,0,0,0,0,0,0,0,0,0,0,69,1,0,2.5,1,0,0,0,0,0,0,0,0,0,0,0
55,0,84,10,1,9,9.0,1,4,7,1,2,7,9,10,10,7,4,0,50,0,9,9.0,1,0,1,5,8,2,5,4,2,3,10,0,44,0,9,9.5,0,6,8,9,4,9,4,9,9,9,1,0,100,1,9,9.0,1,7,1,7,10,8,1,10,3,1,6,0,96,1,9,9.5,0,4,10,8,3,9,2,2,3,7,1,0
55,1,75,3,1,8,8.5,0,7,1,2,7,9,10,10,7,4,0,0,50,0,8,8.0,1,0,5,8,2,5,4,2,3,10,0,0,44,0,8,8.5,1,0,9,4,9,4,9,9,9,1,0,0,99,0,8,8.5,0,1,7,10,8,1,10,3,1,6,0,0,86,1,8,9.0,0,10,8,3,9,2,2,3,7,1,0,0
55,2,67,2,1,7,8.0,0,1,2,7,9,10,10,7,4,0,0,0,45,0,7,7.5,0,5,8,2,5,4,2,3,10,0,0,0,35,0,7,8.0,0,9,4,9,4,9,9,9,1,0,0,0,92,0,7,8.0,0,7,10,8,1,10,3,1,6,0,0,0,86,1,7,8.0,1,8,3,9,2,2,3,7,1,0,0,0
55,3,45,0,1,6,7.5,0,2,7,9,10,10,7,4,0,0,0,0,45,0,6,6.5,1,0,2,5,4,2,3,10,0,0,0,0,35,1,6,7.0,1,0,9,4,9,9,9,1,0,0,0,0,92,0,6,7.0,1,0,8,1,10,3,1,6,0,0,0,0,83,1,6,7.5,0,3,9,2,2,3,7,1,0,0,0,0
55,4,34,0,1,5,7.0,0,0,9,10,10,7,4,0,0,0,0,0,45,1,5,5.5,1,0,5,4,2,3,10,0,0,0,0,0,35,1,5,6.0,1,9,4,9,9,9,1,0,0,0,0,0,84,1,5,6.5,0,8,1,10,3,1,6,0,0,0,0,0,74,1,5,7.0,0,9,2,2,3,7,1,0,0,0,0,0
55,5,26,0,1,4,6.5,0,0,10,10,7,4,0,0,0,0,0,0,45,1,4,4.5,1,5,4,2,3,10,0,0,0,0,0,0,31,1,4,5.5,0,4,9,9,9,1,0,0,0,0,0,0,84,1,4,5.5,1,1,10,3,1,6,0,0,0,0,0,0,74,1,4,6.0,1,2,2,3,7,1,0,0,0,0,0,0
55,6,10,0,1,3,5.5,1,0,10,7,4,0,0,0,0,0,0,0,45,1,3,3.5,1,4,2,3,10,0,0,0,0,0,0,0,22,1,3,5.0,0,9,9,9,1,0,0,0,0,0,0,0,74,1,3,5.0,0,10,3,1,6,0,0,0,0,0,0,0,74,1,3,5.0,1,2,3,7,1,0,0,0,0,0,0,0
55,7,0,0,1,2,4.5,1,0,7,4,0,0,0,0,0,0,0,0,45,1,2,2.5,1,0,3,10,0,0,0,0,0,0,0,0,22,1,2,4.0,1,0,9,1,0,0,0,0,0,0,0,0,71,1,2,4.5,0,3,1,6,0,0,0,0,0,0,0,0,74,1,2,4.0,1,0,7,1,0,0,0,0,0,0,0,0
55,8,0,0,1,1,3.5,1,0,4,0,0,0,0,0,0,0,0,0,45,1,1,1.5,1,0,10,0,0,0,0,0,0,0,0,0,22,1,1,3.0,1,0,1,0,0,0,0,0,0,0,0,0,71,1,1,3.5,1,0,6,0,0,0,0,0,0,0,0,0,67,0,1,3.5,0,7,1,0,0,0,0,0,0,0,0,0
55,9,0,0,1,0,3.0,0,0,0,0,0,0,0,0,0,0,0,0,45,1,0,0.5,1,0,0,0,0,0,0,0,0,0,0,0,22,1,0,2.0,1,0,0,0,0,0,0,0,0,0,0,0,65,1,0,3.0,0,6,0,0,0,0,0,0,0,0,0,0,67,0,0,2.5,1,0,0,0,0,0,0,0,0,0,0,0
56,0,83,10,1,9,9.0,1,2,2,6,6,3,7,2,9,8,4,0,50,1,9,9.0,1,3,3,1,10,4,8,7,9,4,8,0,50,0,9,9.0,1,0,2,5,8,2,9,4,4,9,9,0,96,0,9,9.5,0,4,3,10,4,2,7,9,6,6,3,0,100,0,9,9.0,1,0,9,8,10,9,9,9,6,6,9,0
56,1,66,10,1,8,8.0,1,2,6,6,3,7,2,9,8,4,0,0,50,1,8,8.0,1,3,1,10,4,8,7,9,4,8,0,0,48,1,8,8.5,0,2,5,8,2,9,4,4,9,9,0,0,96,0,8,8.5,1,0,10,4,2,7,9,6,6,3,0,0,100,0,8,8.0,1,0,8,10,9,9,9,6,6,9,0,0
56,2,57,4,1,7,7.5,0,6,6,3,7,2,9,8,4,0,0,0,50,1,7,7.0,1,1,10,4,8,7,9,4,8,0,0,0,43,1,7,8.0,0,5,8,2,9,4,4,9,9,0,0,0,86,0,7,8.0,0,10,4,2,7,9,6,6,3,0,0,0,100,0,7,7.0,1,0,10,9,9,9,6,6,9,0,0,0
56,3,33,4,1,6,6.5,1,0,3,7,2,9,8,4,0,0,0,0,40,1,6,6.5,0,10,4,8,7,9,4,8,0,0,0,0,43,0,6,7.0,1,8,2,9,4,4,9,9,0,0,0,0,82,1,6,7.5,0,4,2,7,9,6,6,3,0,0,0,0,100,0,6,6.0,1,0,9,9,9,6,6,9,0,0,0,0
56,4,22,1,1,5,6.0,0,3,7,2,9,8,4,0,0,0,0,0,36,1,5,6.0,0,4,8,7,9,4,8,0,0,0,0,0,41,0,5,6.5,0,2,9,4,4,9,9,0,0,0,0,0,82,1,5,6.5,1,2,7,9,6,6,3,0,0,0,0,0,100,0,5,5.0,1,0,9,9,6,6,9,0,0,0,0,0
56,5,0,1,1,4,5.0,1,0,2,9,8,4,0,0,0,0,0,0,36,0,4,5.0,1,8,7,9,4,8,0,0,0,0,0,0,32,0,4,6.0,0,9,4,4,9,9,0,0,0,0,0,0,82,0,4,5.5,1,7,9,6,6,3,0,0,0,0,0,0,100,0,4,4.0,1,0,9,6,6,9,0,0,0,0,0,0
56,6,0,0,1,3,4.5,0,0,9,8,4,0,0,0,0,0,0,0,36,0,3,4.0,1,0,9,4,8,0,0,0,0,0,0,0,28,0,3,5.5,0,4,4,9,9,0,0,0,0,0,0,0,82,0,3,4.5,1,0,6,6,3,0,0,0,0,0,0,0,100,0,3,3.0,1,0,6,6,9,0,0,0,0,0,0,0
56,7,0,0,1,2,3.5,1,0,8,4,0,0,0,0,0,0,0,0,36,1,2,3.0,1,0,4,8,0,0,0,0,0,0,0,0,24,0,2,5.0,0,4,9,9,0,0,0,0,0,0,0,0,82,1,2,3.5,1,0,6,3,0,0,0,0,0,0,0,0,94,0,2,2.5,0,6,6,9,0,0,0,0,0,0,0,0
56,8,0,0,1,1,2.5,1,0,4,0,0,0,0,0,0,0,0,0,32,1,1,2.5,0,4,8,0,0,0,0,0,0,0,0,0,15,0,1,4.5,0,9,9,0,0,0,0,0,0,0,0,0,82,1,1,2.5,1,0,3,0,0,0,0,0,0,0,0,0,94,0,1,1.5,1,0,9,0,0,0,0,0,0,0,0,0
56,9,0,0,1,0,1.5,1,0,0,0,0,0,0,0,0,0,0,0,24,1,0,2.0,0,8,0,0,0,0,0,0,0,0,0,0,6,0,0,4.0,0,9,0,0,0,0,0,0,0,0,0,0,82,1,0,1.5,1,0,0,0,0,0,0,0,0,0,0,0,94,0,0,0.5,1,0,0,0,0,0,0,0,0,0,0,0
57,0,92,7,0,9,9.5,0,3,8,3,6,10,3,8,4,4,7,0,50,0,9,9.0,1,0,7,5,4,5,1,8,5,5,2,0,48,1,9,9.5,0,2,8,3,5,4,2,1,5,7,10,0,100,1,9,9.0,1,0,3,3,2,7,4,3,9,2,8,0,95,1,9,9.5,0,5,2,6,2,7,4,6,5,7,9,0
57,1,72,7,0,8,8.5,1,0,3,6,10,3,8,4,4,7,0,0,50,0,8,8.0,1,0,5,4,5,1,8,5,5,2,0,0,40,1,8,9.0,0,8,3,5,4,2,1,5,7,10,0,0,100,1,8,8.0,1,3,3,2,7,4,3,9,2,8,0,0,95,1,8,8.5,1,2,6,2,7,4,6,5,7,9,0,0
57,2,60,7,0,7,7.5,1,0,6,10,3,8,4,4,7,0,0,0,45,0,7,7.5,0,5,4,5,1,8,5,5,2,0,0,0,37,1,7,8.5,0,3,5,4,2,1,5,7,10,0,0,0,100,1,7,7.0,1,3,2,7,4,3,9,2,8,0,0,0,95,1,7,7.5,1,6,2,7,4,6,5,7,9,0,0,0
57,3,43,7,0,6,6.5,1,0,10,3,8,4,4,7,0,0,0,0,45,0,6,6.5,1,0,5,1,8,5,5,2,0,0,0,0,37,0,6,7.5,1,5,4,2,1,5,7,10,0,0,0,0,98,1,6,6.5,0,2,7,4,3,9,2,8,0,0,0,0,95,1,6,6.5,1,2,7,4,6,5,7,9,0,0,0,0
57,4,28,7,1,5,5.5,1,0,3,8,4,4,7,0,0,0,0,0,45,0,5,5.5,1,0,1,8,5,5,2,0,0,0,0,0,33,0,5,7.0,0,4,2,1,5,7,10,0,0,0,0,0,91,1,5,6.0,0,7,4,3,9,2,8,0,0,0,0,0,88,0,5,6.0,0,7,4,6,5,7,9,0,0,0,0,0
57,5,18,7,1,4,4.5,1,3,8,4,4,7,0,0,0,0,0,0,45,0,4,4.5,1,0,8,5,5,2,0,0,0,0,0,0,33,0,4,6.0,1,0,1,5,7,10,0,0,0,0,0,0,87,1,4,5.5,0,4,3,9,2,8,0,0,0,0,0,0,88,0,4,5.0,1,0,6,5,7,9,0,0,0,0,0,0
57,6,0,0,1,3,4.0,0,0,4,4,7,0,0,0,0,0,0,0,45,0,3,3.5,1,0,5,5,2,0,0,0,0,0,0,0,33,0,3,5.0,1,0,5,7,10,0,0,0,0,0,0,0,87,1,3,4.5,1,3,9,2,8,0,0,0,0,0,0,0,88,0,3,4.0,1,0,5,7,9,0,0,0,0,0,0,0
57,7,0,0,1,2,3.5,0,0,4,7,0,0,0,0,0,0,0,0,40,0,2,3.0,0,5,5,2,0,0,0,0,0,0,0,0,33,0,2,4.0,1,0,7,10,0,0,0,0,0,0,0,0,87,1,2,3.5,1,0,2,8,0,0,0,0,0,0,0,0,83,0,2,3.5,0,5,7,9,0,0,0,0,0,0,0,0
57,8,0,0,1,1,3.0,0,0,7,0,0,0,0,0,0,0,0,0,35,0,1,2.5,0,5,2,0,0,0,0,0,0,0,0,0,26,0,1,3.5,0,7,10,0,0,0,0,0,0,0,0,0,87,0,1,2.5,1,0,8,0,0,0,0,0,0,0,0,0,83,0,1,2.5,1,0,9,0,0,0,0,0,0,0,0,0
57,9,0,0,1,0,2.5,0,0,0,0,0,0,0,0,0,0,0,0,35,0,0,1.5,1,0,0,0,0,0,0,0,0,0,0,0,26,0,0,2.5,1,0,0,0,0,0,0,0,0,0,0,0,87,0,0,1.5,1,0,0,0,0,0,0,0,0,0,0,0,74,0,0,2.0,0,9,0,0,0,0,0,0,0,0,0,0
58,0,88,10,0,9,9.0,1,0,6,9,6,3,8,10,5,1,2,0,45,1,9,9.5,0,5,8,4,8,5,2,9,2,1,1,0,50,0,9,9.0,1,0,9,3,4,10,7,8,5,10,3,0,100,1,9,9.0,1,0,5,8,6,3,3,2,10,8,4,0,99,1,9,9.5,0,1,10,5,8,5,10,7,7,5,7,0
58,1,60,10,0,8,8.0,1,0,9,6,3,8,10,5,1,2,0,0,45,1,8,8.5,1,8,4,8,5,2,9,2,1,1,0,0,50,1,8,8.0,1,0,3,4,10,7,8,5,10,3,0,0,100,1,8,8.0,1,5,8,6,3,3,2,10,8,4,0,0,89,0,8,9.0,0,10,5,8,5,10,7,7,5,7,0,0
58,2,42,10,0,7,7.0,1,0,6,3,8,10,5,1,2,0,0,0,45,1,7,7.5,1,4,8,5,2,9,2,1,1,0,0,0,47,1,7,7.5,0,3,4,10,7,8,5,10,3,0,0,0,92,0,7,7.5,0,8,6,3,3,2,10,8,4,0,0,0,89,0,7,8.0,1,0,8,5,10,7,7,5,7,0,0,0
58,3,26,10,0,6,6.0,1,0,3,8,10,5,1,2,0,0,0,0,37,1,6,7.0,0,8,5,2,9,2,1,1,0,0,0,0,47,1,6,6.5,1,4,10,7,8,5,10,3,0,0,0,0,92,0,6,6.5,1,0,3,3,2,10,8,4,0,0,0,0,81,0,6,7.5,0,8,5,10,7,7,5,7,0,0,0,0
58,4,8,10,0,5,5.0,1,0,8,10,5,1,2,0,0,0,0,0,37,1,5,6.0,1,5,2,9,2,1,1,0,0,0,0,0,47,1,5,5.5,1,10,7,8,5,10,3,0,0,0,0,0,89,0,5,6.0,0,3,3,2,10,8,4,0,0,0,0,0,76,0,5,7.0,0,5,10,7,7,5,7,0,0,0,0,0
58,5,0,2,1,4,4.5,0,8,10,5,1,2,0,0,0,0,0,0,37,1,4,5.0,1,2,9,2,1,1,0,0,0,0,0,0,40,1,4,5.0,0,7,8,5,10,3,0,0,0,0,0,0,89,0,4,5.0,1,0,2,10,8,4,0,0,0,0,0,0,76,0,4,6.0,1,0,7,7,5,7,0,0,0,0,0,0
58,6,0,2,1,3,3.5,1,0,5,1,2,0,0,0,0,0,0,0,37,1,3,4.0,1,0,2,1,1,0,0,0,0,0,0,0,32,1,3,4.5,0,8,5,10,3,0,0,0,0,0,0,0,89,0,3,4.0,1,0,10,8,4,0,0,0,0,0,0,0,76,0,3,5.0,1,0,7,5,7,0,0,0,0,0,0,0
58,7,0,2,1,2,2.5,1,0,1,2,0,0,0,0,0,0,0,0,37,1,2,3.0,1,0,1,1,0,0,0,0,0,0,0,0,32,1,2,3.5,1,0,10,3,0,0,0,0,0,0,0,0,79,0,2,3.5,0,10,8,4,0,0,0,0,0,0,0,0,76,0,2,4.0,1,0,5,7,0,0,0,0,0,0,0,0
58,8,0,2,1,1,1.5,1,0,2,0,0,0,0,0,0,0,0,0,36,1,1,2.5,0,1,1,0,0,0,0,0,0,0,0,0,22,1,1,3.0,0,10,3,0,0,0,0,0,0,0,0,0,79,0,1,2.5,1,0,4,0,0,0,0,0,0,0,0,0,76,0,1,3.0,1,0,7,0,0,0,0,0,0,0,0,0
58,9,0,0,1,0,1.0,0,2,0,0,0,0,0,0,0,0,0,0,36,1,0,1.5,1,0,0,0,0,0,0,0,0,0,0,0,19,1,0,2.5,0,3,0,0,0,0,0,0,0,0,0,0,79,0,0,1.5,1,0,0,0,0,0,0,0,0,0,0,0,76,1,0,2.0,1,0,0,0,0,0,0,0,0,0,0,0
59,0,95,2,0,9,9.5,0,8,10,1,4,9,1,10,3,2,7,0,50,0,9,9.0,1,5,4,5,1,8,8,9,5,3,10,0,44,1,9,9.5,0,6,7,9,6,6,9,6,7,6,3,0,94,1,9,9.5,0,6,6,2,9,6,6,5,2,5,7,0,91,0,9,9.5,0,9,2,2,1,8,9,10,10,7,8,0
59,1,70,2,0,8,8.5,1,0,1,4,9,1,10,3,2,7,0,0,46,0,8,8.5,0,4,5,1,8,8,9,5,3,10,0,0,44,1,8,8.5,1,7,9,6,6,9,6,7,6,3,0,0,94,1,8,8.5,1,6,2,9,6,6,5,2,5,7,0,0,91,0,8,8.5,1,0,2,1,8,9,10,10,7,8,0,0
59,2,51,2,0,7,7.5,1,0,4,9,1,10,3,2,7,0,0,0,46,0,7,7.5,1,0,1,8,8,9,5,3,10,0,0,0,44,1,7,7.5,1,9,6,6,9,6,7,6,3,0,0,0,94,1,7,7.5,1,2,9,6,6,5,2,5,7,0,0,0,91,0,7,7.5,1,0,1,8,9,10,10,7,8,0,0,0
59,3,40,0,0,6,7.0,0,0,9,1,10,3,2,7,0,0,0,0,46,0,6,6.5,1,0,8,8,9,5,3,10,0,0,0,0,38,1,6,7.0,0,6,6,9,6,7,6,3,0,0,0,0,94,1,6,6.5,1,9,6,6,5,2,5,7,0,0,0,0,91,0,6,6.5,1,0,8,9,10,10,7,8,0,0,0,0
59,4,9,0,0,5,6.0,1,0,1,10,3,2,7,0,0,0,0,0,46,0,5,5.5,1,0,8,9,5,3,10,0,0,0,0,0,32,0,5,6.5,0,6,9,6,7,6,3,0,0,0,0,0,94,1,5,5.5,1,6,6,5,2,5,7,0,0,0,0,0,91,0,5,5.5,1,0,9,10,10,7,8,0,0,0,0,0
59,5,0,0,0,4,5.5,0,0,10,3,2,7,0,0,0,0,0,0,38,0,4,5.0,0,8,9,5,3,10,0,0,0,0,0,0,23,0,4,6.0,0,9,6,7,6,3,0,0,0,0,0,0,88,0,4,5.0,0,6,5,2,5,7,0,0,0,0,0,0,91,0,4,4.5,1,0,10,10,7,8,0,0,0,0,0,0
59,6,0,0,0,3,4.5,1,0,3,2,7,0,0,0,0,0,0,0,38,0,3,4.0,1,0,5,3,10,0,0,0,0,0,0,0,17,0,3,5.5,0,6,7,6,3,0,0,0,0,0,0,0,83,1,3,4.5,0,5,2,5,7,0,0,0,0,0,0,0,91,0,3,3.5,1,0,10,7,8,0,0,0,0,0,0,0
59,7,0,0,0,2,4.0,0,0,2,7,0,0,0,0,0,0,0,0,38,0,2,3.0,1,0,3,10,0,0,0,0,0,0,0,0,10,0,2,5.0,0,7,6,3,0,0,0,0,0,0,0,0,83,1,2,3.5,1,0,5,7,0,0,0,0,0,0,0,0,81,0,2,3.0,0,10,7,8,0,0,0,0,0,0,0,0
59,8,0,0,0,1,3.0,1,0,7,0,0,0,0,0,0,0,0,0,35,1,1,2.5,0,3,10,0,0,0,0,0,0,0,0,0,4,0,1,4.5,0,6,3,0,0,0,0,0,0,0,0,0,83,1,1,2.5,1,0,7,0,0,0,0,0,0,0,0,0,81,0,1,2.0,1,0,8,0,0,0,0,0,0,0,0,0
59,9,0,0,0,0,2.0,1,0,0,0,0,0,0,0,0,0,0,0,35,0,0,1.5,1,0,0,0,0,0,0,0,0,0,0,0,1,0,0,4.0,0,3,0,0,0,0,0,0,0,0,0,0,83,0,0,1.5,1,0,0,0,0,0,0,0,0,0,0,0,81,1,0,1.0,1,0,0,0,0,0,0,0,0,0,0,0
60,0,76,0,0,9,9.5,0,10,6,7,8,8,2,8,4,3,10,0,48,1,9,9.5,0,2,9,6,3,9,1,7,2,3,7,0,50,1,9,9.0,1,4,6,7,3,5,10,2,8,4,2,0,100,1,9,9.0,1,10,10,3,7,6,7,9,8,7,6,0,100,0,9,9.0,1,0,6,3,3,7,7,8,3,10,8,0
60,1,45,0,0,8,8.5,1,0,7,8,8,2,8,4,3,10,0,0,48,1,8,8.5,1,9,6,3,9,1,7,2,3,7,0,0,44,0,8,8.5,0,6,7,3,5,10,2,8,4,2,0,0,100,1,8,8.0,1,10,3,7,6,7,9,8,7,6,0,0,100,0,8,8.0,1,0,3,3,7,7,8,3,10,8,0,0
60,2,33,0,0,7,8.0,0,0,8,8,2,8,4,3,10,0,0,0,48,1,7,7.5,1,6,3,9,1,7,2,3,7,0,0,0,37,0,7,8.0,0,7,3,5,10,2,8,4,2,0,0,0,100,1,7,7.0,1,3,7,6,7,9,8,7,6,0,0,0,100,0,7,7.0,1,0,3,7,7,8,3,10,8,0,0,0
60,3,9,0,0,6,7.0,1,0,8,2,8,4,3,10,0,0,0,0,48,1,6,6.5,1,3,9,1,7,2,3,7,0,0,0,0,37,0,6,7.0,1,0,5,10,2,8,4,2,0,0,0,0,100,1,6,6.0,1,7,6,7,9,8,7,6,0,0,0,0,100,0,6,6.0,1,0,7,7,8,3,10,8,0,0,0,0
60,4,0,0,0,5,6.5,0,0,2,8,4,3,10,0,0,0,0,0,48,1,5,5.5,1,9,1,7,2,3,7,0,0,0,0,0,32,0,5,6.5,0,5,10,2,8,4,2,0,0,0,0,0,94,1,5,5.5,0,6,7,9,8,7,6,0,0,0,0,0,93,1,5,5.5,0,7,7,8,3,10,8,0,0,0,0,0
60,5,0,0,0,4,5.5,1,0,8,4,3,10,0,0,0,0,0,0,48,1,4,4.5,1,0,7,2,3,7,0,0,0,0,0,0,22,0,4,6.0,0,10,2,8,4,2,0,0,0,0,0,0,94,1,4,4.5,1,0,9,8,7,6,0,0,0,0,0,0,93,0,4,4.5,1,0,8,3,10,8,0,0,0,0,0,0
60,6,0,0,0,3,5.0,0,0,4,3,10,0,0,0,0,0,0,0,41,1,3,4.0,0,7,2,3,7,0,0,0,0,0,0,0,20,0,3,5.5,0,2,8,4,2,0,0,0,0,0,0,0,94,1,3,3.5,1,0,8,7,6,0,0,0,0,0,0,0,85,0,3,4.0,0,8,3,10,8,0,0,0,0,0,0,0
60,7,0,0,0,2,4.0,1,0,3,10,0,0,0,0,0,0,0,0,41,1,2,3.0,1,0,3,7,0,0,0,0,0,0,0,0,20,0,2,4.5,1,0,4,2,0,0,0,0,0,0,0,0,94,1,2,2.5,1,0,7,6,0,0,0,0,0,0,0,0,85,0,2,3.0,1,0,10,8,0,0,0,0,0,0,0,0
60,8,0,0,0,1,3.5,0,0,10,0,0,0,0,0,0,0,0,0,38,1,1,2.5,0,3,7,0,0,0,0,0,0,0,0,0,20,0,1,3.5,1,0,2,0,0,0,0,0,0,0,0,0,87,1,1,2.0,0,7,6,0,0,0,0,0,0,0,0,0,75,0,1,2.5,0,10,8,0,0,0,0,0,0,0,0,0
60,9,0,0,0,0,2.5,1,0,0,0,0,0,0,0,0,0,0,0,38,1,0,1.5,1,0,0,0,0,0,0,0,0,0,0,0,20,0,0,2.5,1,0,0,0,0,0,0,0,0,0,0,0,81,0,0,1.5,0,6,0,0,0,0,0,0,0,0,0,0,75,0,0,1.5,1,0,0,0,0,0,0,0,0,0,0,0
61,0,86,1,1,9,9.5,0,9,4,1,3,6,3,3,7,3,2,0,50,1,9,9.0,1,7,9,1,8,8,8,6,7,8,5,0,46,1,9,9.5,0,4,2,7,2,8,10,2,6,4,10,0,91,1,9,9.5,0,9,3,2,7,9,8,9,10,6,10,0,100,0,9,9.0,1,0,2,1,2,8,3,4,10,5,2,0
61,1,75,1,1,8,8.5,1,0,1,3,6,3,3,7,3,2,0,0,41,1,8,8.5,0,9,1,8,8,8,6,7,8,5,0,0,46,1,8,8.5,1,2,7,2,8,10,2,6,4,10,0,0,91,1,8,8.5,1,3,2,7,9,8,9,10,6,10,0,0,100,0,8,8.0,1,0,1,2,8,3,4,10,5,2,0,0
61,2,73,0,1,7,8.0,0,1,3,6,3,3,7,3,2,0,0,0,41,1,7,7.5,1,1,8,8,8,6,7,8,5,0,0,0,39,0,7,8.0,0,7,2,8,10,2,6,4,10,0,0,0,89,0,7,8.0,0,2,7,9,8,9,10,6,10,0,0,0,100,0,7,7.0,1,0,2,8,3,4,10,5,2,0,0,0
61,3,63,0,1,6,7.0,1,0,6,3,3,7,3,2,0,0,0,0,33,1,6,7.0,0,8,8,8,6,7,8,5,0,0,0,0,37,0,6,7.5,0,2,8,10,2,6,4,10,0,0,0,0,89,0,6,7.0,1,0,9,8,9,10,6,10,0,0,0,0,98,0,6,6.5,0,2,8,3,4,10,5,2,0,0,0,0
61,4,32,0,1,5,6.0,1,0,3,3,7,3,2,0,0,0,0,0,33,1,5,6.0,1,8,8,6,7,8,5,0,0,0,0,0,29,0,5,7.0,0,8,10,2,6,4,10,0,0,0,0,0,89,0,5,6.0,1,0,8,9,10,6,10,0,0,0,0,0,98,0,5,5.5,1,0,3,4,10,5,2,0,0,0,0,0
61,5,13,0,1,4,5.0,1,0,3,7,3,2,0,0,0,0,0,0,33,1,4,5.0,1,8,6,7,8,5,0,0,0,0,0,0,19,0,4,6.5,0,10,2,6,4,10,0,0,0,0,0,0,89,0,4,5.0,1,0,9,10,6,10,0,0,0,0,0,0,95,1,4,5.0,0,3,4,10,5,2,0,0,0,0,0,0
61,6,0,0,1,3,4.5,0,0,7,3,2,0,0,0,0,0,0,0,33,1,3,4.0,1,6,7,8,5,0,0,0,0,0,0,0,17,0,3,6.0,0,2,6,4,10,0,0,0,0,0,0,0,89,0,3,4.0,1,0,10,6,10,0,0,0,0,0,0,0,95,0,3,4.0,1,0,10,5,2,0,0,0,0,0,0,0
61,7,0,0,1,2,4.0,0,0,3,2,0,0,0,0,0,0,0,0,33,1,2,3.0,1,0,8,5,0,0,0,0,0,0,0,0,17,0,2,5.0,1,0,4,10,0,0,0,0,0,0,0,0,89,1,2,3.0,1,0,6,10,0,0,0,0,0,0,0,0,95,1,2,3.0,1,0,5,2,0,0,0,0,0,0,0,0
61,8,0,0,1,1,3.0,1,0,2,0,0,0,0,0,0,0,0,0,33,1,1,2.0,1,0,5,0,0,0,0,0,0,0,0,0,13,0,1,4.5,0,4,10,0,0,0,0,0,0,0,0,0,83,1,1,2.5,0,6,10,0,0,0,0,0,0,0,0,0,95,0,1,2.0,1,0,2,0,0,0,0,0,0,0,0,0
61,9,0,0,1,0,2.0,1,0,0,0,0,0,0,0,0,0,0,0,33,1,0,1.0,1,0,0,0,0,0,0,0,0,0,0,0,3,0,0,4.0,0,10,0,0,0,0,0,0,0,0,0,0,83,1,0,1.5,1,0,0,0,0,0,0,0,0,0,0,0,93,0,0,1.5,0,2,0,0,0,0,0,0,0,0,0,0
62,0,89,1,0,9,9.5,0,9,4,5,2,8,5,10,1,8,8,0,43,0,9,9.5,0,7,4,4,7,5,7,4,6,10,6,0,50,0,9,9.0,1,0,8,6,8,7,7,5,10,10,6,0,97,1,9,9.5,0,3,7,1,9,7,10,3,2,1,2,0,100,0,9,9.0,1,0,1,9,6,4,6,6,6,7,4,0
62,1,78,1,0,8,8.5,1,0,5,2,8,5,10,1,8,8,0,0,39,0,8,9.0,0,4,4,7,5,7,4,6,10,6,0,0,42,1,8,8.5,0,8,6,8,7,7,5,10,10,6,0,0,97,0,8,8.5,1,7,1,9,7,10,3,2,1,2,0,0,99,0,8,8.5,0,1,9,6,4,6,6,6,7,4,0,0
62,2,59,1,0,7,7.5,1,0,2,8,5,10,1,8,8,0,0,0,39,0,7,8.0,1,0,7,5,7,4,6,10,6,0,0,0,36,1,7,8.0,0,6,8,7,7,5,10,10,6,0,0,0,97,0,7,7.5,1,0,9,7,10,3,2,1,2,0,0,0,99,0,7,7.5,1,0,6,4,6,6,6,7,4,0,0,0
62,3,51,1,0,6,6.5,1,0,8,5,10,1,8,8,0,0,0,0,32,0,6,7.5,0,7,5,7,4,6,10,6,0,0,0,0,28,1,6,7.5,0,8,7,7,5,10,10,6,0,0,0,0,88,1,6,7.0,0,9,7,10,3,2,1,2,0,0,0,0,99,0,6,6.5,1,0,4,6,6,6,7,4,0,0,0,0
62,4,32,1,0,5,5.5,1,0,5,10,1,8,8,0,0,0,0,0,27,0,5,7.0,0,5,7,4,6,10,6,0,0,0,0,0,28,1,5,6.5,1,7,7,5,10,10,6,0,0,0,0,0,81,1,5,6.5,0,7,10,3,2,1,2,0,0,0,0,0,99,0,5,5.5,1,0,6,6,6,7,4,0,0,0,0,0
62,5,10,1,0,4,4.5,1,0,10,1,8,8,0,0,0,0,0,0,27,0,4,6.0,1,0,4,6,10,6,0,0,0,0,0,0,21,1,4,6.0,0,7,5,10,10,6,0,0,0,0,0,0,81,1,4,5.5,1,10,3,2,1,2,0,0,0,0,0,0,93,0,4,5.0,0,6,6,6,7,4,0,0,0,0,0,0
62,6,0,1,0,3,3.5,1,0,1,8,8,0,0,0,0,0,0,0,27,0,3,5.0,1,0,6,10,6,0,0,0,0,0,0,0,16,1,3,5.5,0,5,10,10,6,0,0,0,0,0,0,0,81,1,3,4.5,1,0,2,1,2,0,0,0,0,0,0,0,93,0,3,4.0,1,0,6,7,4,0,0,0,0,0,0,0
62,7,0,1,0,2,2.5,1,0,8,8,0,0,0,0,0,0,0,0,21,1,2,4.5,0,6,10,6,0,0,0,0,0,0,0,0,6,1,2,5.0,0,10,10,6,0,0,0,0,0,0,0,0,81,1,2,3.5,1,0,1,2,0,0,0,0,0,0,0,0,93,0,2,3.0,1,0,7,4,0,0,0,0,0,0,0,0
62,8,0,1,0,1,1.5,1,0,8,0,0,0,0,0,0,0,0,0,21,1,1,3.5,1,0,6,0,0,0,0,0,0,0,0,0,6,1,1,4.0,1,0,6,0,0,0,0,0,0,0,0,0,81,1,1,2.5,1,0,2,0,0,0,0,0,0,0,0,0,93,0,1,2.0,1,0,4,0,0,0,0,0,0,0,0,0
62,9,0,1,1,0,0.5,1,0,0,0,0,0,0,0,0,0,0,0,21,1,0,2.5,1,0,0,0,0,0,0,0,0,0,0,0,0,1,0,3.5,0,6,0,0,0,0,0,0,0,0,0,0,81,1,0,1.5,1,0,0,0,0,0,0,0,0,0,0,0,93,0,0,1.0,1,0,0,0,0,0,0,0,0,0,0,0
63,0,92,1,1,9,9.5,0,9,2,2,7,7,1,4,4,7,6,0,50,1,9,9.0,1,2,5,4,6,7,6,9,3,2,8,0,46,0,9,9.5,0,4,1,10,2,8,9,8,1,7,8,0,97,1,9,9.5,0,3,5,3,2,6,2,4,7,4,3,0,100,0,9,9.0,1,0,6,5,5,9,6,4,1,5,1,0
63,1,82,0,1,8,9.0,0,0,2,7,7,1,4,4,7,6,0,0,50,0,8,8.0,1,5,4,6,7,6,9,3,2,8,0,0,45,0,8,9.0,0,1,10,2,8,9,8,1,7,8,0,0,97,1,8,8.5,1,5,3,2,6,2,4,7,4,3,0,0,94,0,8,8.5,0,6,5,5,9,6,4,1,5,1,0,0
63,2,60,0,1,7,8.5,0,0,7,7,1,4,4,7,6,0,0,0,50,0,7,7.0,1,0,6,7,6,9,3,2,8,0,0,0,45,0,7,8.0,1,0,2,8,9,8,1,7,8,0,0,0,97,0,7,7.5,1,3,2,6,2,4,7,4,3,0,0,0,94,0,7,7.5,1,0,5,9,6,4,1,5,1,0,0,0
63,3,43,0,1,6,7.5,1,0,7,1,4,4,7,6,0,0,0,0,50,0,6,6.0,1,0,7,6,9,3,2,8,0,0,0,0,45,0,6,7.0,1,0,8,9,8,1,7,8,0,0,0,0,97,0,6,6.5,1,0,6,2,4,7,4,3,0,0,0,0,89,0,6,7.0,0,5,9,6,4,1,5,1,0,0,0,0
63,4,20,0,0,5,6.5,1,0,1,4,4,7,6,0,0,0,0,0,50,0,5,5.0,1,0,6,9,3,2,8,0,0,0,0,0,37,0,5,6.5,0,8,9,8,1,7,8,0,0,0,0,0,91,1,5,6.0,0,6,2,4,7,4,3,0,0,0,0,0,89,0,5,6.0,1,0,6,4,1,5,1,0,0,0,0,0
63,5,11,0,0,4,5.5,1,0,4,4,7,6,0,0,0,0,0,0,50,0,4,4.0,1,0,9,3,2,8,0,0,0,0,0,0,28,0,4,6.0,0,9,8,1,7,8,0,0,0,0,0,0,91,1,4,5.0,1,2,4,7,4,3,0,0,0,0,0,0,83,1,4,5.5,0,6,4,1,5,1,0,0,0,0,0,0
63,6,3,0,0,3,4.5,1,0,4,7,6,0,0,0,0,0,0,0,41,0,3,3.5,0,9,3,2,8,0,0,0,0,0,0,0,20,0,3,5.5,0,8,1,7,8,0,0,0,0,0,0,0,91,0,3,4.0,1,4,7,4,3,0,0,0,0,0,0,0,79,1,3,5.0,0,4,1,5,1,0,0,0,0,0,0,0
63,7,0,0,0,2,3.5,1,0,7,6,0,0,0,0,0,0,0,0,41,0,2,2.5,1,0,2,8,0,0,0,0,0,0,0,0,19,0,2,5.0,0,1,7,8,0,0,0,0,0,0,0,0,84,0,2,3.5,0,7,4,3,0,0,0,0,0,0,0,0,79,1,2,4.0,1,0,5,1,0,0,0,0,0,0,0,0
63,8,0,0,0,1,2.5,1,0,6,0,0,0,0,0,0,0,0,0,39,0,1,2.0,0,2,8,0,0,0,0,0,0,0,0,0,19,0,1,4.0,1,0,8,0,0,0,0,0,0,0,0,0,84,0,1,2.5,1,0,3,0,0,0,0,0,0,0,0,0,79,1,1,3.0,1,0,1,0,0,0,0,0,0,0,0,0
63,9,0,0,0,0,1.5,1,0,0,0,0,0,0,0,0,0,0,0,39,0,0,1.0,1,0,0,0,0,0,0,0,0,0,0,0,11,0,0,3.5,0,8,0,0,0,0,0,0,0,0,0,0,84,0,0,1.5,1,0,0,0,0,0,0,0,0,0,0,0,79,0,0,2.0,1,0,0,0,0,0,0,0,0,0,0,0
64,0,80,10,0,9,9.0,1,0,9,1,4,8,5,7,1,7,1,0,50,0,9,9.0,1,0,2,6,2,1,9,3,9,10,4,0,48,0,9,9.5,0,2,1,3,3,2,9,5,7,6,2,0,100,0,9,9.0,1,8,6,2,8,10,3,2,3,9,1,0,100,0,9,9.0,1,0,5,5,7,8,7,5,7,1,10,0
64,1,63,10,0,8,8.0,1,0,1,4,8,5,7,1,7,1,0,0,50,1,8,8.0,1,0,6,2,1,9,3,9,10,4,0,0,47,0,8,9.0,0,1,3,3,2,9,5,7,6,2,0,0,100,0,8,8.0,1,0,2,8,10,3,2,3,9,1,0,0,95,0,8,8.5,0,5,5,7,8,7,5,7,1,10,0,0
64,2,53,10,0,7,7.0,1,0,4,8,5,7,1,7,1,0,0,0,50,1,7,7.0,1,6,2,1,9,3,9,10,4,0,0,0,47,0,7,8.0,1,0,3,2,9,5,7,6,2,0,0,0,98,0,7,7.5,0,2,8,10,3,2,3,9,1,0,0,0,90,0,7,8.0,0,5,7,8,7,5,7,1,10,0,0,0
64,3,47,10,0,6,6.0,1,0,8,5,7,1,7,1,0,0,0,0,50,1,6,6.0,1,2,1,9,3,9,10,4,0,0,0,0,44,0,6,7.5,0,3,2,9,5,7,6,2,0,0,0,0,90,0,6,7.0,0,8,10,3,2,3,9,1,0,0,0,0,83,0,6,7.5,0,7,8,7,5,7,1,10,0,0,0,0
64,4,28,2,0,5,5.5,0,8,5,7,1,7,1,0,0,0,0,0,50,1,5,5.0,1,1,9,3,9,10,4,0,0,0,0,0,42,1,5,7.0,0,2,9,5,7,6,2,0,0,0,0,0,90,0,5,6.0,1,0,3,2,3,9,1,0,0,0,0,0,83,0,5,6.5,1,0,7,5,7,1,10,0,0,0,0,0
64,5,13,2,0,4,4.5,1,0,7,1,7,1,0,0,0,0,0,0,41,1,4,4.5,0,9,3,9,10,4,0,0,0,0,0,0,33,1,4,6.5,0,9,5,7,6,2,0,0,0,0,0,0,90,0,4,5.0,1,0,2,3,9,1,0,0,0,0,0,0,83,0,4,5.5,1,0,5,7,1,10,0,0,0,0,0,0
64,6,0,2,0,3,3.5,1,0,1,7,1,0,0,0,0,0,0,0,41,0,3,3.5,1,3,9,10,4,0,0,0,0,0,0,0,28,1,3,6.0,0,5,7,6,2,0,0,0,0,0,0,0,88,0,3,4.5,0,2,3,9,1,0,0,0,0,0,0,0,83,0,3,4.5,1,0,7,1,10,0,0,0,0,0,0,0
64,7,0,2,0,2,2.5,1,0,7,1,0,0,0,0,0,0,0,0,41,0,2,2.5,1,0,10,4,0,0,0,0,0,0,0,0,21,1,2,5.5,0,7,6,2,0,0,0,0,0,0,0,0,88,0,2,3.5,1,0,9,1,0,0,0,0,0,0,0,0,83,0,2,3.5,1,0,1,10,0,0,0,0,0,0,0,0
64,8,0,2,0,1,1.5,1,0,1,0,0,0,0,0,0,0,0,0,41,0,1,1.5,1,0,4,0,0,0,0,0,0,0,0,0,21,1,1,4.5,1,0,2,0,0,0,0,0,0,0,0,0,88,0,1,2.5,1,0,1,0,0,0,0,0,0,0,0,0,82,1,1,3.0,0,1,10,0,0,0,0,0,0,0,0,0
64,9,0,2,0,0,0.5,1,0,0,0,0,0,0,0,0,0,0,0,37,0,0,1.0,0,4,0,0,0,0,0,0,0,0,0,0,21,1,0,3.5,1,0,0,0,0,0,0,0,0,0,0,0,88,0,0,1.5,1,0,0,0,0,0,0,0,0,0,0,0,72,1,0,2.5,0,10,0,0,0,0,0,0,0,0,0,0
65,0,66,10,0,9,9.0,1,0,8,4,2,8,1,8,1,10,6,0,50,0,9,9.0,1,0,3,7,1,3,2,4,8,2,2,0,50,0,9,9.0,1,0,7,9,8,5,8,7,9,7,3,0,100,0,9,9.0,1,0,7,2,8,9,10,8,5,10,4,0,100,1,9,9.0,1,8,10,1,2,3,8,6,1,9,10,0
65,1,49,2,0,8,8.5,0,8,4,2,8,1,8,1,10,6,0,0,47,0,8,8.5,0,3,7,1,3,2,4,8,2,2,0,0,43,0,8,8.5,0,7,9,8,5,8,7,9,7,3,0,0,100,0,8,8.0,1,0,2,8,9,10,8,5,10,4,0,0,100,1,8,8.0,1,10,1,2,3,8,6,1,9,10,0,0
65,2,36,2,0,7,7.5,1,0,2,8,1,8,1,10,6,0,0,0,47,0,7,7.5,1,0,1,3,2,4,8,2,2,0,0,0,34,0,7,8.0,0,9,8,5,8,7,9,7,3,0,0,0,100,1,7,7.0,1,0,8,9,10,8,5,10,4,0,0,0,99,1,7,7.5,0,1,2,3,8,6,1,9,10,0,0,0
65,3,17,0,0,6,7.0,0,2,8,1,8,1,10,6,0,0,0,0,47,0,6,6.5,1,0,3,2,4,8,2,2,0,0,0,0,34,0,6,7.0,1,0,5,8,7,9,7,3,0,0,0,0,100,1,6,6.0,1,8,9,10,8,5,10,4,0,0,0,0,99,1,6,6.5,1,2,3,8,6,1,9,10,0,0,0,0
65,4,0,0,0,5,6.0,1,0,1,8,1,10,6,0,0,0,0,0,47,0,5,5.5,1,0,2,4,8,2,2,0,0,0,0,0,34,0,5,6.0,1,0,8,7,9,7,3,0,0,0,0,0,91,1,5,5.5,0,9,10,8,5,10,4,0,0,0,0,0,99,0,5,5.5,1,0,8,6,1,9,10,0,0,0,0,0
65,5,0,0,0,4,5.0,1,0,8,1,10,6,0,0,0,0,0,0,45,0,4,5.0,0,2,4,8,2,2,0,0,0,0,0,0,26,0,4,5.5,0,8,7,9,7,3,0,0,0,0,0,0,81,1,4,5.0,0,10,8,5,10,4,0,0,0,0,0,0,99,1,4,4.5,1,0,6,1,9,10,0,0,0,0,0,0
65,6,0,0,0,3,4.5,0,0,1,10,6,0,0,0,0,0,0,0,41,0,3,4.5,0,4,8,2,2,0,0,0,0,0,0,0,19,0,3,5.0,0,7,9,7,3,0,0,0,0,0,0,0,81,1,3,4.0,1,0,5,10,4,0,0,0,0,0,0,0,99,1,3,3.5,1,0,1,9,10,0,0,0,0,0,0,0
65,7,0,0,0,2,4.0,0,0,10,6,0,0,0,0,0,0,0,0,33,0,2,4.0,0,8,2,2,0,0,0,0,0,0,0,0,10,0,2,4.5,0,9,7,3,0,0,0,0,0,0,0,0,76,1,2,3.5,0,5,10,4,0,0,0,0,0,0,0,0,99,1,2,2.5,1,0,9,10,0,0,0,0,0,0,0,0
65,8,0,0,0,1,3.5,0,0,6,0,0,0,0,0,0,0,0,0,33,0,1,3.0,1,0,2,0,0,0,0,0,0,0,0,0,3,0,1,4.0,0,7,3,0,0,0,0,0,0,0,0,0,76,0,1,2.5,1,0,4,0,0,0,0,0,0,0,0,0,90,1,1,2.0,0,9,10,0,0,0,0,0,0,0,0,0
65,9,0,0,0,0,3.0,0,0,0,0,0,0,0,0,0,0,0,0,33,0,0,2.0,1,0,0,0,0,0,0,0,0,0,0,0,3,0,0,3.0,1,0,0,0,0,0,0,0,0,0,0,0,76,1,0,1.5,1,0,0,0,0,0,0,0,0,0,0,0,90,1,0,1.0,1,0,0,0,0,0,0,0,0,0,0,0
66,0,83,10,1,9,9.0,1,0,2,8,8,1,3,7,6,9,4,0,49,1,9,9.5,0,1,3,1,9,10,3,3,9,5,1,0,48,1,9,9.5,0,2,5,5,4,1,5,1,2,9,10,0,100,1,9,9.0,1,9,2,4,1,4,9,8,10,3,10,0,97,0,9,9.5,0,3,9,5,6,9,4,8,1,6,4,0
66,1,70,10,1,8,8.0,1,2,8,8,1,3,7,6,9,4,0,0,46,1,8,9.0,0,3,1,9,10,3,3,9,5,1,0,0,43,1,8,9.0,0,5,5,4,1,5,1,2,9,10,0,0,100,1,8,8.0,1,2,4,1,4,9,8,10,3,10,0,0,97,0,8,8.5,1,0,5,6,9,4,8,1,6,4,0,0
66,2,56,10,1,7,7.0,1,8,8,1,3,7,6,9,4,0,0,0,46,1,7,8.0,1,1,9,10,3,3,9,5,1,0,0,0,38,1,7,8.5,0,5,4,1,5,1,2,9,10,0,0,0,96,1,7,7.5,0,4,1,4,9,8,10,3,10,0,0,0,97,0,7,7.5,1,0,6,9,4,8,1,6,4,0,0,0
66,3,41,10,1,6,6.0,1,8,1,3,7,6,9,4,0,0,0,0,37,1,6,7.5,0,9,10,3,3,9,5,1,0,0,0,0,34,1,6,8.0,0,4,1,5,1,2,9,10,0,0,0,0,96,1,6,6.5,1,1,4,9,8,10,3,10,0,0,0,0,97,0,6,6.5,1,0,9,4,8,1,6,4,0,0,0,0
66,4,17,10,1,5,5.0,1,1,3,7,6,9,4,0,0,0,0,0,37,1,5,6.5,1,10,3,3,9,5,1,0,0,0,0,0,33,0,5,7.5,0,1,5,1,2,9,10,0,0,0,0,0,96,1,5,5.5,1,4,9,8,10,3,10,0,0,0,0,0,97,0,5,5.5,1,0,4,8,1,6,4,0,0,0,0,0
66,5,7,10,1,4,4.0,1,3,7,6,9,4,0,0,0,0,0,0,37,1,4,5.5,1,3,3,9,5,1,0,0,0,0,0,0,28,1,4,7.0,0,5,1,2,9,10,0,0,0,0,0,0,87,1,4,5.0,0,9,8,10,3,10,0,0,0,0,0,0,97,0,4,4.5,1,0,8,1,6,4,0,0,0,0,0,0
66,6,4,3,1,3,3.5,0,7,6,9,4,0,0,0,0,0,0,0,37,1,3,4.5,1,3,9,5,1,0,0,0,0,0,0,0,27,1,3,6.5,0,1,2,9,10,0,0,0,0,0,0,0,79,1,3,4.5,0,8,10,3,10,0,0,0,0,0,0,0,89,0,3,4.0,0,8,1,6,4,0,0,0,0,0,0,0
66,7,0,0,1,2,3.0,0,0,9,4,0,0,0,0,0,0,0,0,37,1,2,3.5,1,0,5,1,0,0,0,0,0,0,0,0,27,1,2,5.5,1,0,9,10,0,0,0,0,0,0,0,0,69,0,2,4.0,0,10,3,10,0,0,0,0,0,0,0,0,88,0,2,3.5,0,1,6,4,0,0,0,0,0,0,0,0
66,8,0,0,1,1,2.0,1,0,4,0,0,0,0,0,0,0,0,0,32,1,1,3.0,0,5,1,0,0,0,0,0,0,0,0,0,27,1,1,4.5,1,0,10,0,0,0,0,0,0,0,0,0,66,0,1,3.5,0,3,10,0,0,0,0,0,0,0,0,0,88,0,1,2.5,1,0,4,0,0,0,0,0,0,0,0,0
66,9,0,0,1,0,1.0,1,0,0,0,0,0,0,0,0,0,0,0,32,0,0,2.0,1,0,0,0,0,0,0,0,0,0,0,0,17,1,0,4.0,0,10,0,0,0,0,0,0,0,0,0,0,56,0,0,3.0,0,10,0,0,0,0,0,0,0,0,0,0,88,0,0,1.5,1,0,0,0,0,0,0,0,0,0,0,0
67,0,83,10,0,9,9.0,1,0,7,3,3,1,4,4,10,9,5,0,50,0,9,9.0,1,0,10,3,8,9,6,10,2,10,3,0,50,1,9,9.0,1,5,5,7,3,4,10,5,6,2,3,0,95,0,9,9.5,0,5,5,2,6,6,7,8,5,1,1,0,100,0,9,9.0,1,0,2,6,9,1,4,6,6,6,3,0
67,1,66,3,0,8,8.5,0,7,3,3,1,4,4,10,9,5,0,0,50,1,8,8.0,1,0,3,8,9,6,10,2,10,3,0,0,50,1,8,8.0,1,5,7,3,4,10,5,6,2,3,0,0,90,1,8,9.0,0,5,2,6,6,7,8,5,1,1,0,0,100,0,8,8.0,1,0,6,9,1,4,6,6,6,3,0,0
67,2,45,3,0,7,7.5,1,0,3,1,4,4,10,9,5,0,0,0,50,1,7,7.0,1,3,8,9,6,10,2,10,3,0,0,0,50,1,7,7.0,1,7,3,4,10,5,6,2,3,0,0,0,90,0,7,8.0,1,2,6,6,7,8,5,1,1,0,0,0,100,1,7,7.0,1,0,9,1,4,6,6,6,3,0,0,0
67,3,36,0,0,6,7.0,0,3,1,4,4,10,9,5,0,0,0,0,42,1,6,6.5,0,8,9,6,10,2,10,3,0,0,0,0,47,1,6,6.5,0,3,4,10,5,6,2,3,0,0,0,0,84,0,6,7.5,0,6,6,7,8,5,1,1,0,0,0,0,100,1,6,6.0,1,9,1,4,6,6,6,3,0,0,0,0
67,4,20,0,0,5,6.5,0,0,4,4,10,9,5,0,0,0,0,0,42,1,5,5.5,1,9,6,10,2,10,3,0,0,0,0,0,43,1,5,6.0,0,4,10,5,6,2,3,0,0,0,0,0,84,0,5,6.5,1,0,7,8,5,1,1,0,0,0,0,0,100,1,5,5.0,1,1,4,6,6,6,3,0,0,0,0,0
67,5,10,0,0,4,5.5,1,0,4,10,9,5,0,0,0,0,0,0,42,1,4,4.5,1,6,10,2,10,3,0,0,0,0,0,0,33,1,4,5.5,0,10,5,6,2,3,0,0,0,0,0,0,77,0,4,6.0,0,7,8,5,1,1,0,0,0,0,0,0,96,1,4,4.5,0,4,6,6,6,3,0,0,0,0,0,0
67,6,0,0,1,3,4.5,1,0,10,9,5,0,0,0,0,0,0,0,32,1,3,4.0,0,10,2,10,3,0,0,0,0,0,0,0,33,1,3,4.5,1,5,6,2,3,0,0,0,0,0,0,0,77,1,3,5.0,1,0,5,1,1,0,0,0,0,0,0,0,96,1,3,3.5,1,0,6,6,3,0,0,0,0,0,0,0
67,7,0,0,1,2,3.5,1,0,9,5,0,0,0,0,0,0,0,0,30,1,2,3.5,0,2,10,3,0,0,0,0,0,0,0,0,27,1,2,4.0,0,6,2,3,0,0,0,0,0,0,0,0,72,1,2,4.5,0,5,1,1,0,0,0,0,0,0,0,0,90,1,2,3.0,0,6,6,3,0,0,0,0,0,0,0,0
67,8,0,0,1,1,2.5,1,0,5,0,0,0,0,0,0,0,0,0,30,0,1,2.5,1,0,3,0,0,0,0,0,0,0,0,0,25,1,1,3.5,0,2,3,0,0,0,0,0,0,0,0,0,71,0,1,4.0,0,1,1,0,0,0,0,0,0,0,0,0,84,1,1,2.5,0,6,3,0,0,0,0,0,0,0,0,0
67,9,0,0,0,0,1.5,1,0,0,0,0,0,0,0,0,0,0,0,30,0,0,1.5,1,0,0,0,0,0,0,0,0,0,0,0,22,1,0,3.0,0,3,0,0,0,0,0,0,0,0,0,0,71,0,0,3.0,1,0,0,0,0,0,0,0,0,0,0,0,81,1,0,2.0,0,3,0,0,0,0,0,0,0,0,0,0
68,0,74,10,1,9,9.0,1,8,8,2,7,9,10,2,1,3,3,0,46,1,9,9.5,0,4,7,4,2,1,4,1,4,10,1,0,50,0,9,9.0,1,0,1,9,9,6,5,6,5,1,8,0,100,1,9,9.0,1,10,3,5,10,1,2,5,8,6,3,0,100,0,9,9.0,1,0,10,9,1,7,2,7,5,8,4,0
68,1,52,10,1,8,8.0,1,8,2,7,9,10,2,1,3,3,0,0,39,0,8,9.0,0,7,4,2,1,4,1,4,10,1,0,0,50,0,8,8.0,1,0,9,9,6,5,6,5,1,8,0,0,100,0,8,8.0,1,3,5,10,1,2,5,8,6,3,0,0,100,0,8,8.0,1,0,9,1,7,2,7,5,8,4,0,0
68,2,36,10,1,7,7.0,1,2,7,9,10,2,1,3,3,0,0,0,35,0,7,8.5,0,4,2,1,4,1,4,10,1,0,0,0,41,0,7,7.5,0,9,9,6,5,6,5,1,8,0,0,0,100,0,7,7.0,1,0,10,1,2,5,8,6,3,0,0,0,100,0,7,7.0,1,0,1,7,2,7,5,8,4,0,0,0
68,3,17,10,1,6,6.0,1,7,9,10,2,1,3,3,0,0,0,0,35,0,6,7.5,1,0,1,4,1,4,10,1,0,0,0,0,32,0,6,7.0,0,9,6,5,6,5,1,8,0,0,0,0,100,0,6,6.0,1,0,1,2,5,8,6,3,0,0,0,0,99,0,6,6.5,0,1,7,2,7,5,8,4,0,0,0,0
68,4,1,10,1,5,5.0,1,9,10,2,1,3,3,0,0,0,0,0,34,0,5,7.0,0,1,4,1,4,10,1,0,0,0,0,0,26,0,5,6.5,0,6,5,6,5,1,8,0,0,0,0,0,99,0,5,5.5,0,1,2,5,8,6,3,0,0,0,0,0,99,0,5,5.5,1,0,2,7,5,8,4,0,0,0,0,0
68,5,0,10,1,4,4.0,1,0,2,1,3,3,0,0,0,0,0,0,34,0,4,6.0,1,0,1,4,10,1,0,0,0,0,0,0,21,1,4,6.0,0,5,6,5,1,8,0,0,0,0,0,0,99,0,4,4.5,1,0,5,8,6,3,0,0,0,0,0,0,99,0,4,4.5,1,0,7,5,8,4,0,0,0,0,0,0
68,6,0,8,1,3,3.5,0,2,1,3,3,0,0,0,0,0,0,0,33,0,3,5.5,0,1,4,10,1,0,0,0,0,0,0,0,15,0,3,5.5,0,6,5,1,8,0,0,0,0,0,0,0,99,0,3,3.5,1,0,8,6,3,0,0,0,0,0,0,0,99,0,3,3.5,1,0,5,8,4,0,0,0,0,0,0,0
68,7,0,8,1,2,2.5,1,0,3,3,0,0,0,0,0,0,0,0,33,0,2,4.5,1,0,10,1,0,0,0,0,0,0,0,0,10,1,2,5.0,0,5,1,8,0,0,0,0,0,0,0,0,99,0,2,2.5,1,0,6,3,0,0,0,0,0,0,0,0,94,1,2,3.0,0,5,8,4,0,0,0,0,0,0,0,0
68,8,0,8,1,1,1.5,1,0,3,0,0,0,0,0,0,0,0,0,33,0,1,3.5,1,0,1,0,0,0,0,0,0,0,0,0,9,0,1,4.5,0,1,8,0,0,0,0,0,0,0,0,0,93,0,1,2.0,0,6,3,0,0,0,0,0,0,0,0,0,94,1,1,2.0,1,0,4,0,0,0,0,0,0,0,0,0
68,9,0,8,1,0,0.5,1,0,0,0,0,0,0,0,0,0,0,0,33,1,0,2.5,1,0,0,0,0,0,0,0,0,0,0,0,9,0,0,3.5,1,0,0,0,0,0,0,0,0,0,0,0,93,0,0,1.0,1,0,0,0,0,0,0,0,0,0,0,0,94,0,0,1.0,1,0,0,0,0,0,0,0,0,0,0,0
69,0,91,10,1,9,9.0,1,3,5,10,7,10,4,6,10,6,7,0,46,0,9,9.5,0,4,9,8,2,2,5,9,9,2,7,0,40,1,9,9.5,0,10,1,10,4,5,3,4,4,7,4,0,92,1,9,9.5,0,8,7,1,9,10,2,3,4,3,5,0,100,1,9,9.0,1,6,10,4,5,8,9,10,3,6,6,0
69,1,74,5,1,8,8.5,0,5,10,7,10,4,6,10,6,7,0,0,46,0,8,8.5,1,0,8,2,2,5,9,9,2,7,0,0,40,1,8,8.5,1,1,10,4,5,3,4,4,7,4,0,0,92,1,8,8.5,1,7,1,9,10,2,3,4,3,5,0,0,90,1,8,8.5,0,10,4,5,8,9,10,3,6,6,0,0
69,2,55,5,1,7,7.5,1,0,7,10,4,6,10,6,7,0,0,0,46,0,7,7.5,1,0,2,2,5,9,9,2,7,0,0,0,30,1,7,8.0,0,10,4,5,3,4,4,7,4,0,0,0,92,1,7,7.5,1,1,9,10,2,3,4,3,5,0,0,0,86,0,7,8.0,0,4,5,8,9,10,3,6,6,0,0,0
69,3,30,5,1,6,6.5,1,0,10,4,6,10,6,7,0,0,0,0,44,0,6,7.0,0,2,2,5,9,9,2,7,0,0,0,0,30,1,6,7.0,1,4,5,3,4,4,7,4,0,0,0,0,92,1,6,6.5,1,9,10,2,3,4,3,5,0,0,0,0,86,0,6,7.0,1,0,8,9,10,3,6,6,0,0,0,0
69,4,3,5,1,5,5.5,1,0,4,6,10,6,7,0,0,0,0,0,44,0,5,6.0,1,0,5,9,9,2,7,0,0,0,0,0,30,1,5,6.0,1,5,3,4,4,7,4,0,0,0,0,0,92,1,5,5.5,1,10,2,3,4,3,5,0,0,0,0,0,78,0,5,6.5,0,8,9,10,3,6,6,0,0,0,0,0
69,5,0,1,1,4,5.0,0,4,6,10,6,7,0,0,0,0,0,0,44,0,4,5.0,1,0,9,9,2,7,0,0,0,0,0,0,27,0,4,5.5,0,3,4,4,7,4,0,0,0,0,0,0,90,1,4,5.0,0,2,3,4,3,5,0,0,0,0,0,0,78,0,4,5.5,1,0,10,3,6,6,0,0,0,0,0,0
69,6,0,1,1,3,4.0,1,0,10,6,7,0,0,0,0,0,0,0,44,0,3,4.0,1,0,9,2,7,0,0,0,0,0,0,0,27,0,3,4.5,1,0,4,7,4,0,0,0,0,0,0,0,90,1,3,4.0,1,0,4,3,5,0,0,0,0,0,0,0,78,0,3,4.5,1,0,3,6,6,0,0,0,0,0,0,0
69,7,0,1,1,2,3.0,1,0,6,7,0,0,0,0,0,0,0,0,44,0,2,3.0,1,0,2,7,0,0,0,0,0,0,0,0,23,0,2,4.0,0,4,7,4,0,0,0,0,0,0,0,0,90,1,2,3.0,1,0,3,5,0,0,0,0,0,0,0,0,75,0,2,4.0,0,3,6,6,0,0,0,0,0,0,0,0
69,8,0,1,1,1,2.0,1,0,7,0,0,0,0,0,0,0,0,0,42,0,1,2.5,0,2,7,0,0,0,0,0,0,0,0,0,16,0,1,3.5,0,7,4,0,0,0,0,0,0,0,0,0,90,1,1,2.0,1,0,5,0,0,0,0,0,0,0,0,0,75,1,1,3.0,1,0,6,0,0,0,0,0,0,0,0,0
69,9,0,0,1,0,1.5,0,0,0,0,0,0,0,0,0,0,0,0,35,0,0,2.0,0,7,0,0,0,0,0,0,0,0,0,0,12,0,0,3.0,0,4,0,0,0,0,0,0,0,0,0,0,90,1,0,1.0,1,0,0,0,0,0,0,0,0,0,0,0,75,1,0,2.0,1,0,0,0,0,0,0,0,0,0,0,0
70,0,82,10,1,9,9.0,1,3,2,6,6,3,9,6,6,4,6,0,50,0,9,9.0,1,0,5,5,3,2,7,3,3,5,10,0,47,1,9,9.5,0,3,8,9,2,2,4,3,7,4,4,0,100,1,9,9.0,1,9,8,2,8,6,10,6,1,7,10,0,100,0,9,9.0,1,0,6,4,1,2,7,2,3,2,1,0
70,1,63,8,1,8,8.5,0,2,6,6,3,9,6,6,4,6,0,0,50,0,8,8.0,1,0,5,3,2,7,3,3,5,10,0,0,39,1,8,9.0,0,8,9,2,2,4,3,7,4,4,0,0,100,1,8,8.0,1,8,2,8,6,10,6,1,7,10,0,0,100,0,8,8.0,1,0,4,1,2,7,2,3,2,1,0,0
70,2,43,2,1,7,8.0,0,6,6,3,9,6,6,4,6,0,0,0,50,1,7,7.0,1,0,3,2,7,3,3,5,10,0,0,0,39,1,7,8.0,1,9,2,2,4,3,7,4,4,0,0,0,100,1,7,7.0,1,2,8,6,10,6,1,7,10,0,0,0,100,0,7,7.0,1,0,1,2,7,2,3,2,1,0,0,0
70,3,32,0,1,6,7.5,0,0,3,9,6,6,4,6,0,0,0,0,50,1,6,6.0,1,3,2,7,3,3,5,10,0,0,0,0,37,1,6,7.5,0,2,2,4,3,7,4,4,0,0,0,0,100,1,6,6.0,1,8,6,10,6,1,7,10,0,0,0,0,99,0,6,6.5,0,1,2,7,2,3,2,1,0,0,0,0
70,4,24,0,1,5,7.0,0,0,9,6,6,4,6,0,0,0,0,0,50,1,5,5.0,1,2,7,3,3,5,10,0,0,0,0,0,35,1,5,7.0,0,2,4,3,7,4,4,0,0,0,0,0,100,1,5,5.0,1,6,10,6,1,7,10,0,0,0,0,0,97,0,5,6.0,0,2,7,2,3,2,1,0,0,0,0,0
70,5,0,0,1,4,6.0,1,0,6,6,4,6,0,0,0,0,0,0,50,1,4,4.0,1,7,3,3,5,10,0,0,0,0,0,0,35,1,4,6.0,1,4,3,7,4,4,0,0,0,0,0,0,100,0,4,4.0,1,0,6,1,7,10,0,0,0,0,0,0,90,0,4,5.5,0,7,2,3,2,1,0,0,0,0,0,0
70,6,0,0,1,3,5.0,1,0,6,4,6,0,0,0,0,0,0,0,47,1,3,3.5,0,3,3,5,10,0,0,0,0,0,0,0,32,1,3,5.5,0,3,7,4,4,0,0,0,0,0,0,0,100,1,3,3.0,1,0,1,7,10,0,0,0,0,0,0,0,90,0,3,4.5,1,0,3,2,1,0,0,0,0,0,0,0
70,7,0,0,1,2,4.5,0,0,4,6,0,0,0,0,0,0,0,0,47,1,2,2.5,1,0,5,10,0,0,0,0,0,0,0,0,32,1,2,4.5,1,0,4,4,0,0,0,0,0,0,0,0,99,1,2,2.5,0,1,7,10,0,0,0,0,0,0,0,0,90,0,2,3.5,1,0,2,1,0,0,0,0,0,0,0,0
70,8,0,0,1,1,3.5,1,0,6,0,0,0,0,0,0,0,0,0,42,0,1,2.0,0,5,10,0,0,0,0,0,0,0,0,0,32,1,1,3.5,1,0,4,0,0,0,0,0,0,0,0,0,99,0,1,1.5,1,0,10,0,0,0,0,0,0,0,0,0,88,0,1,3.0,0,2,1,0,0,0,0,0,0,0,0,0
70,9,0,0,0,0,2.5,1,0,0,0,0,0,0,0,0,0,0,0,42,0,0,1.0,1,0,0,0,0,0,0,0,0,0,0,0,28,1,0,3.0,0,4,0,0,0,0,0,0,0,0,0,0,99,0,0,0.5,1,0,0,0,0,0,0,0,0,0,0,0,88,0,0,2.0,1,0,0,0,0,0,0,0,0,0,0,0
71,0,74,10,1,9,9.0,1,5,5,2,8,5,3,8,3,3,6,0,50,1,9,9.0,1,8,1,2,4,7,5,3,5,2,3,0,50,0,9,9.0,1,0,6,8,2,7,1,2,4,6,3,0,95,1,9,9.5,0,5,4,9,2,7,4,4,6,5,3,0,100,1,9,9.0,1,8,6,3,9,3,4,8,1,2,1,0
71,1,69,5,1,8,8.5,0,5,2,8,5,3,8,3,3,6,0,0,50,1,8,8.0,1,1,2,4,7,5,3,5,2,3,0,0,44,0,8,8.5,0,6,8,2,7,1,2,4,6,3,0,0,95,0,8,8.5,1,4,9,2,7,4,4,6,5,3,0,0,94,1,8,8.5,0,6,3,9,3,4,8,1,2,1,0,0
71,2,53,5,1,7,7.5,1,2,8,5,3,8,3,3,6,0,0,0,50,0,7,7.0,1,2,4,7,5,3,5,2,3,0,0,0,36,0,7,8.0,0,8,2,7,1,2,4,6,3,0,0,0,95,0,7,7.5,1,0,2,7,4,4,6,5,3,0,0,0,94,1,7,7.5,1,3,9,3,4,8,1,2,1,0,0,0
71,3,28,5,1,6,6.5,1,0,5,3,8,3,3,6,0,0,0,0,50,0,6,6.0,1,0,7,5,3,5,2,3,0,0,0,0,36,0,6,7.0,1,0,7,1,2,4,6,3,0,0,0,0,95,0,6,6.5,1,0,7,4,4,6,5,3,0,0,0,0,94,0,6,6.5,1,9,3,4,8,1,2,1,0,0,0,0
71,4,7,0,1,5,6.0,0,5,3,8,3,3,6,0,0,0,0,0,50,0,5,5.0,1,0,5,3,5,2,3,0,0,0,0,0,36,1,5,6.0,1,0,1,2,4,6,3,0,0,0,0,0,95,0,5,5.5,1,0,4,4,6,5,3,0,0,0,0,0,91,0,5,6.0,0,3,4,8,1,2,1,0,0,0,0,0
71,5,0,0,1,4,5.0,1,0,8,3,3,6,0,0,0,0,0,0,50,0,4,4.0,1,0,3,5,2,3,0,0,0,0,0,0,36,1,4,5.0,1,0,2,4,6,3,0,0,0,0,0,0,91,0,4,5.0,0,4,4,6,5,3,0,0,0,0,0,0,91,0,4,5.0,1,0,8,1,2,1,0,0,0,0,0,0
71,6,0,0,1,3,4.0,1,0,3,3,6,0,0,0,0,0,0,0,50,0,3,3.0,1,0,5,2,3,0,0,0,0,0,0,0,36,1,3,4.0,1,0,4,6,3,0,0,0,0,0,0,0,91,0,3,4.0,1,0,6,5,3,0,0,0,0,0,0,0,91,1,3,4.0,1,0,1,2,1,0,0,0,0,0,0,0
71,7,0,0,1,2,3.5,0,0,3,6,0,0,0,0,0,0,0,0,50,0,2,2.0,1,0,2,3,0,0,0,0,0,0,0,0,32,1,2,3.5,0,4,6,3,0,0,0,0,0,0,0,0,91,0,2,3.0,1,0,5,3,0,0,0,0,0,0,0,0,91,1,2,3.0,1,0,2,1,0,0,0,0,0,0,0,0
71,8,0,0,1,1,2.5,1,0,6,0,0,0,0,0,0,0,0,0,50,1,1,1.0,1,0,3,0,0,0,0,0,0,0,0,0,26,1,1,3.0,0,6,3,0,0,0,0,0,0,0,0,0,86,0,1,2.5,0,5,3,0,0,0,0,0,0,0,0,0,89,1,1,2.5,0,2,1,0,0,0,0,0,0,0,0,0
71,9,0,0,1,0,1.5,1,0,0,0,0,0,0,0,0,0,0,0,47,1,0,0.5,0,3,0,0,0,0,0,0,0,0,0,0,26,1,0,2.0,1,0,0,0,0,0,0,0,0,0,0,0,83,0,0,2.0,0,3,0,0,0,0,0,0,0,0,0,0,89,0,0,1.5,1,0,0,0,0,0,0,0,0,0,0,0
72,0,85,10,1,9,9.0,1,6,9,4,6,7,3,2,6,2,3,0,45,0,9,9.5,0,5,1,9,8,7,6,2,2,8,2,0,49,0,9,9.5,0,1,10,6,9,3,9,4,1,5,8,0,100,1,9,9.0,1,1,5,5,1,3,2,1,10,7,3,0,100,0,9,9.0,1,0,7,1,2,3,2,3,2,10,6,0
72,1,58,10,1,8,8.0,1,9,4,6,7,3,2,6,2,3,0,0,45,0,8,8.5,1,0,9,8,7,6,2,2,8,2,0,0,49,0,8,8.5,1,0,6,9,3,9,4,1,5,8,0,0,95,1,8,8.5,0,5,5,1,3,2,1,10,7,3,0,0,100,0,8,8.0,1,0,1,2,3,2,3,2,10,6,0,0
72,2,47,6,1,7,7.5,0,4,6,7,3,2,6,2,3,0,0,0,36,0,7,8.0,0,9,8,7,6,2,2,8,2,0,0,0,49,0,7,7.5,1,0,9,3,9,4,1,5,8,0,0,0,95,1,7,7.5,1,5,1,3,2,1,10,7,3,0,0,0,99,0,7,7.5,0,1,2,3,2,3,2,10,6,0,0,0
72,3,38,6,1,6,6.5,1,6,7,3,2,6,2,3,0,0,0,0,28,0,6,7.5,0,8,7,6,2,2,8,2,0,0,0,0,40,0,6,7.0,0,9,3,9,4,1,5,8,0,0,0,0,95,1,6,6.5,1,1,3,2,1,10,7,3,0,0,0,0,99,0,6,6.5,1,0,3,2,3,2,10,6,0,0,0,0
72,4,25,0,1,5,6.0,0,0,3,2,6,2,3,0,0,0,0,0,28,0,5,6.5,1,0,6,2,2,8,2,0,0,0,0,0,37,0,5,6.5,0,3,9,4,1,5,8,0,0,0,0,0,95,1,5,5.5,1,3,2,1,10,7,3,0,0,0,0,0,99,0,5,5.5,1,0,2,3,2,10,6,0,0,0,0,0
72,5,14,0,1,4,5.0,1,0,2,6,2,3,0,0,0,0,0,0,28,0,4,5.5,1,0,2,2,8,2,0,0,0,0,0,0,28,0,4,6.0,0,9,4,1,5,8,0,0,0,0,0,0,95,1,4,4.5,1,2,1,10,7,3,0,0,0,0,0,0,97,1,4,5.0,0,2,3,2,10,6,0,0,0,0,0,0
72,6,4,0,1,3,4.0,1,0,6,2,3,0,0,0,0,0,0,0,26,0,3,5.0,0,2,2,8,2,0,0,0,0,0,0,0,28,0,3,5.0,1,0,1,5,8,0,0,0,0,0,0,0,95,1,3,3.5,1,1,10,7,3,0,0,0,0,0,0,0,97,1,3,4.0,1,3,2,10,6,0,0,0,0,0,0,0
72,7,0,0,1,2,3.0,1,0,2,3,0,0,0,0,0,0,0,0,24,0,2,4.5,0,2,8,2,0,0,0,0,0,0,0,0,28,0,2,4.0,1,0,5,8,0,0,0,0,0,0,0,0,85,0,2,3.0,0,10,7,3,0,0,0,0,0,0,0,0,97,1,2,3.0,1,0,10,6,0,0,0,0,0,0,0,0
72,8,0,0,1,1,2.5,0,0,3,0,0,0,0,0,0,0,0,0,16,0,1,4.0,0,8,2,0,0,0,0,0,0,0,0,0,28,0,1,3.0,1,0,8,0,0,0,0,0,0,0,0,0,85,0,1,2.0,1,0,3,0,0,0,0,0,0,0,0,0,97,1,1,2.0,1,0,6,0,0,0,0,0,0,0,0,0
72,9,0,0,1,0,1.5,1,0,0,0,0,0,0,0,0,0,0,0,16,0,0,3.0,1,0,0,0,0,0,0,0,0,0,0,0,20,0,0,2.5,0,8,0,0,0,0,0,0,0,0,0,0,85,0,0,1.0,1,0,0,0,0,0,0,0,0,0,0,0,91,1,0,1.5,0,6,0,0,0,0,0,0,0,0,0,0
73,0,93,10,0,9,9.0,1,0,5,7,3,8,10,6,1,1,10,0,50,1,9,9.0,1,1,8,1,1,1,9,9,7,8,10,0,41,1,9,9.5,0,9,8,8,3,3,9,4,2,6,8,0,95,0,9,9.5,0,5,9,2,1,4,7,1,4,4,5,0,100,0,9,9.0,1,1,8,7,9,4,3,2,6,6,7,0
73,1,77,5,0,8,8.5,0,5,7,3,8,10,6,1,1,10,0,0,50,1,8,8.0,1,8,1,1,1,9,9,7,8,10,0,0,33,1,8,9.0,0,8,8,3,3,9,4,2,6,8,0,0,86,0,8,9.0,0,9,2,1,4,7,1,4,4,5,0,0,100,0,8,8.0,1,0,7,9,4,3,2,6,6,7,0,0
73,2,67,5,0,7,7.5,1,0,3,8,10,6,1,1,10,0,0,0,50,1,7,7.0,1,1,1,1,9,9,7,8,10,0,0,0,25,1,7,8.5,0,8,3,3,9,4,2,6,8,0,0,0,86,0,7,8.0,1,0,1,4,7,1,4,4,5,0,0,0,93,1,7,7.5,0,7,9,4,3,2,6,6,7,0,0,0
73,3,57,2,0,6,7.0,0,3,8,10,6,1,1,10,0,0,0,0,49,1,6,6.5,0,1,1,9,9,7,8,10,0,0,0,0,22,1,6,8.0,0,3,3,9,4,2,6,8,0,0,0,0,86,0,6,7.0,1,0,4,7,1,4,4,5,0,0,0,0,93,1,6,6.5,1,9,4,3,2,6,6,7,0,0,0,0
73,4,45,2,0,5,6.0,1,0,10,6,1,1,10,0,0,0,0,0,48,1,5,6.0,0,1,9,9,7,8,10,0,0,0,0,0,19,1,5,7.5,0,3,9,4,2,6,8,0,0,0,0,0,82,1,5,6.5,0,4,7,1,4,4,5,0,0,0,0,0,93,1,5,5.5,1,4,3,2,6,6,7,0,0,0,0,0
73,5,16,2,1,4,5.0,1,0,6,1,1,10,0,0,0,0,0,0,39,1,4,5.5,0,9,9,7,8,10,0,0,0,0,0,0,19,1,4,6.5,1,9,4,2,6,8,0,0,0,0,0,0,82,1,4,5.5,1,7,1,4,4,5,0,0,0,0,0,0,93,0,4,4.5,1,3,2,6,6,7,0,0,0,0,0,0
73,6,0,2,1,3,4.0,1,0,1,1,10,0,0,0,0,0,0,0,39,1,3,4.5,1,9,7,8,10,0,0,0,0,0,0,0,15,1,3,6.0,0,4,2,6,8,0,0,0,0,0,0,0,81,1,3,5.0,0,1,4,4,5,0,0,0,0,0,0,0,93,0,3,3.5,1,0,6,6,7,0,0,0,0,0,0,0
73,7,0,1,1,2,3.5,0,1,1,10,0,0,0,0,0,0,0,0,32,1,2,4.0,0,7,8,10,0,0,0,0,0,0,0,0,13,1,2,5.5,0,2,6,8,0,0,0,0,0,0,0,0,81,0,2,4.0,1,0,4,5,0,0,0,0,0,0,0,0,87,0,2,3.0,0,6,6,7,0,0,0,0,0,0,0,0
73,8,0,0,1,1,3.0,0,1,10,0,0,0,0,0,0,0,0,0,32,1,1,3.0,1,0,10,0,0,0,0,0,0,0,0,0,13,1,1,4.5,1,0,8,0,0,0,0,0,0,0,0,0,81,0,1,3.0,1,0,5,0,0,0,0,0,0,0,0,0,87,0,1,2.0,1,0,7,0,0,0,0,0,0,0,0,0
73,9,0,0,1,0,2.5,0,0,0,0,0,0,0,0,0,0,0,0,32,1,0,2.0,1,0,0,0,0,0,0,0,0,0,0,0,5,1,0,4.0,0,8,0,0,0,0,0,0,0,0,0,0,76,0,0,2.5,0,5,0,0,0,0,0,0,0,0,0,0,87,0,0,1.0,1,0,0,0,0,0,0,0,0,0,0,0
74,0,82,10,1,9,9.0,1,9,9,3,10,6,6,8,7,10,2,0,41,0,9,9.5,0,9,2,3,3,7,10,10,1,5,6,0,48,1,9,9.5,0,2,7,3,9,8,6,7,3,2,6,0,100,1,9,9.0,1,9,6,1,2,7,7,4,5,8,5,0,96,0,9,9.5,0,4,7,4,3,10,5,9,9,3,6,0
74,1,73,1,1,8,8.5,0,9,3,10,6,6,8,7,10,2,0,0,41,0,8,8.5,1,0,3,3,7,10,10,1,5,6,0,0,41,1,8,9.0,0,7,3,9,8,6,7,3,2,6,0,0,94,1,8,8.5,0,6,1,2,7,7,4,5,8,5,0,0,96,0,8,8.5,1,0,4,3,10,5,9,9,3,6,0,0
74,2,69,0,1,7,8.0,0,0,10,6,6,8,7,10,2,0,0,0,41,0,7,7.5,1,0,3,7,10,10,1,5,6,0,0,0,38,1,7,8.5,0,3,9,8,6,7,3,2,6,0,0,0,94,1,7,7.5,1,1,2,7,7,4,5,8,5,0,0,0,92,0,7,8.0,0,4,3,10,5,9,9,3,6,0,0,0
74,3,51,0,1,6,7.0,1,0,6,6,8,7,10,2,0,0,0,0,41,0,6,6.5,1,0,7,10,10,1,5,6,0,0,0,0,29,1,6,8.0,0,9,8,6,7,3,2,6,0,0,0,0,94,1,6,6.5,1,2,7,7,4,5,8,5,0,0,0,0,92,0,6,7.0,1,0,10,5,9,9,3,6,0,0,0,0
74,4,26,0,1,5,6.5,0,0,6,8,7,10,2,0,0,0,0,0,41,0,5,5.5,1,0,10,10,1,5,6,0,0,0,0,0,29,1,5,7.0,1,8,6,7,3,2,6,0,0,0,0,0,87,1,5,6.0,0,7,7,4,5,8,5,0,0,0,0,0,92,0,5,6.0,1,0,5,9,9,3,6,0,0,0,0,0
74,5,0,0,1,4,5.5,1,0,8,7,10,2,0,0,0,0,0,0,41,1,4,4.5,1,0,10,1,5,6,0,0,0,0,0,0,29,1,4,6.0,1,6,7,3,2,6,0,0,0,0,0,0,87,1,4,5.0,1,0,4,5,8,5,0,0,0,0,0,0,92,1,4,5.0,1,0,9,9,3,6,0,0,0,0,0,0
74,6,0,0,1,3,5.0,0,0,7,10,2,0,0,0,0,0,0,0,41,1,3,3.5,1,0,1,5,6,0,0,0,0,0,0,0,22,1,3,5.5,0,7,3,2,6,0,0,0,0,0,0,0,83,1,3,4.5,0,4,5,8,5,0,0,0,0,0,0,0,92,0,3,4.0,1,0,9,3,6,0,0,0,0,0,0,0
74,7,0,0,1,2,4.0,1,0,10,2,0,0,0,0,0,0,0,0,40,1,2,3.0,0,1,5,6,0,0,0,0,0,0,0,0,22,1,2,4.5,1,0,2,6,0,0,0,0,0,0,0,0,78,1,2,4.0,0,5,8,5,0,0,0,0,0,0,0,0,92,0,2,3.0,1,0,3,6,0,0,0,0,0,0,0,0
74,8,0,0,1,1,3.0,1,0,2,0,0,0,0,0,0,0,0,0,35,1,1,2.5,0,5,6,0,0,0,0,0,0,0,0,0,22,1,1,3.5,1,0,6,0,0,0,0,0,0,0,0,0,78,1,1,3.0,1,0,5,0,0,0,0,0,0,0,0,0,92,0,1,2.0,1,0,6,0,0,0,0,0,0,0,0,0
74,9,0,0,1,0,2.0,1,0,0,0,0,0,0,0,0,0,0,0,35,1,0,1.5,1,0,0,0,0,0,0,0,0,0,0,0,16,1,0,3.0,0,6,0,0,0,0,0,0,0,0,0,0,78,0,0,2.0,1,0,0,0,0,0,0,0,0,0,0,0,86,0,0,1.5,0,6,0,0,0,0,0,0,0,0,0,0
75,0,87,7,0,9,9.5,0,3,8,1,6,9,4,6,4,2,9,0,44,1,9,9.5,0,6,10,1,3,2,1,7,8,5,9,0,50,0,9,9.0,1,0,3,3,1,10,5,9,5,9,1,0,100,1,9,9.0,1,2,10,1,7,6,10,1,7,8,6,0,100,1,9,9.0,1,4,8,9,9,9,6,6,4,6,7,0
75,1,61,7,0,8,8.5,1,0,1,6,9,4,6,4,2,9,0,0,44,1,8,8.5,1,10,1,3,2,1,7,8,5,9,0,0,47,0,8,8.5,0,3,3,1,10,5,9,5,9,1,0,0,90,0,8,8.5,0,10,1,7,6,10,1,7,8,6,0,0,100,1,8,8.0,1,8,9,9,9,6,6,4,6,7,0,0
75,2,46,7,1,7,7.5,1,0,6,9,4,6,4,2,9,0,0,0,44,0,7,7.5,1,1,3,2,1,7,8,5,9,0,0,0,47,0,7,7.5,1,0,1,10,5,9,5,9,1,0,0,0,90,0,7,7.5,1,0,7,6,10,1,7,8,6,0,0,0,100,1,7,7.0,1,9,9,9,6,6,4,6,7,0,0,0
75,3,30,7,1,6,6.5,1,6,9,4,6,4,2,9,0,0,0,0,44,0,6,6.5,1,0,2,1,7,8,5,9,0,0,0,0,46,0,6,7.0,0,1,10,5,9,5,9,1,0,0,0,0,90,0,6,6.5,1,0,6,10,1,7,8,6,0,0,0,0,91,1,6,6.5,0,9,9,6,6,4,6,7,0,0,0,0
75,4,13,0,1,5,6.0,0,0,4,6,4,2,9,0,0,0,0,0,44,0,5,5.5,1,0,1,7,8,5,9,0,0,0,0,0,36,0,5,6.5,0,10,5,9,5,9,1,0,0,0,0,0,90,0,5,5.5,1,0,10,1,7,8,6,0,0,0,0,0,91,1,5,5.5,1,9,6,6,4,6,7,0,0,0,0,0
75,5,0,0,1,4,5.5,0,0,6,4,2,9,0,0,0,0,0,0,44,0,4,4.5,1,0,7,8,5,9,0,0,0,0,0,0,31,0,4,6.0,0,5,9,5,9,1,0,0,0,0,0,0,90,0,4,4.5,1,0,1,7,8,6,0,0,0,0,0,0,91,1,4,4.5,1,0,6,4,6,7,0,0,0,0,0,0
75,6,0,0,1,3,5.0,0,0,4,2,9,0,0,0,0,0,0,0,37,0,3,4.0,0,7,8,5,9,0,0,0,0,0,0,0,22,0,3,5.5,0,9,5,9,1,0,0,0,0,0,0,0,89,0,3,4.0,0,1,7,8,6,0,0,0,0,0,0,0,91,1,3,3.5,1,0,4,6,7,0,0,0,0,0,0,0
75,7,0,0,1,2,4.0,1,0,2,9,0,0,0,0,0,0,0,0,37,0,2,3.0,1,0,5,9,0,0,0,0,0,0,0,0,17,0,2,5.0,0,5,9,1,0,0,0,0,0,0,0,0,89,0,2,3.0,1,0,8,6,0,0,0,0,0,0,0,0,91,1,2,2.5,1,0,6,7,0,0,0,0,0,0,0,0
75,8,0,0,1,1,3.0,1,0,9,0,0,0,0,0,0,0,0,0,37,0,1,2.0,1,0,9,0,0,0,0,0,0,0,0,0,8,0,1,4.5,0,9,1,0,0,0,0,0,0,0,0,0,89,0,1,2.0,1,0,6,0,0,0,0,0,0,0,0,0,91,1,1,1.5,1,0,7,0,0,0,0,0,0,0,0,0
75,9,0,0,1,0,2.5,0,0,0,0,0,0,0,0,0,0,0,0,28,1,0,1.5,0,9,0,0,0,0,0,0,0,0,0,0,8,0,0,3.5,1,0,0,0,0,0,0,0,0,0,0,0,89,0,0,1.0,1,0,0,0,0,0,0,0,0,0,0,0,91,1,0,0.5,1,0,0,0,0,0,0,0,0,0,0,0
76,0,89,10,0,9,9.0,1,0,2,5,9,9,8,2,2,10,4,0,46,1,9,9.5,0,4,4,5,2,4,7,1,4,4,7,0,48,1,9,9.5,0,2,7,7,8,9,2,4,10,10,10,0,94,0,9,9.5,0,6,7,7,1,3,2,2,5,9,6,0,100,1,9,9.0,1,6,10,8,2,8,3,10,8,7,1,0
76,1,70,10,0,8,8.0,1,0,5,9,9,8,2,2,10,4,0,0,42,0,8,9.0,0,4,5,2,4,7,1,4,4,7,0,0,41,1,8,9.0,0,7,7,8,9,2,4,10,10,10,0,0,94,0,8,8.5,1,0,7,1,3,2,2,5,9,6,0,0,100,1,8,8.0,1,10,8,2,8,3,10,8,7,1,0,0
76,2,43,5,0,7,7.5,0,5,9,9,8,2,2,10,4,0,0,0,42,0,7,8.0,1,0,2,4,7,1,4,4,7,0,0,0,41,1,7,8.0,1,7,8,9,2,4,10,10,10,0,0,0,94,0,7,7.5,1,0,1,3,2,2,5,9,6,0,0,0,100,1,7,7.0,1,8,2,8,3,10,8,7,1,0,0,0
76,3,29,5,0,6,6.5,1,0,9,8,2,2,10,4,0,0,0,0,42,0,6,7.0,1,0,4,7,1,4,4,7,0,0,0,0,33,1,6,7.5,0,8,9,2,4,10,10,10,0,0,0,0,94,0,6,6.5,1,0,3,2,2,5,9,6,0,0,0,0,100,0,6,6.0,1,2,8,3,10,8,7,1,0,0,0,0
76,4,17,5,0,5,5.5,1,0,8,2,2,10,4,0,0,0,0,0,38,0,5,6.5,0,4,7,1,4,4,7,0,0,0,0,0,24,0,5,7.0,0,9,2,4,10,10,10,0,0,0,0,0,94,0,5,5.5,1,0,2,2,5,9,6,0,0,0,0,0,92,1,5,5.5,0,8,3,10,8,7,1,0,0,0,0,0
76,5,0,5,0,4,4.5,1,0,2,2,10,4,0,0,0,0,0,0,38,1,4,5.5,1,0,1,4,4,7,0,0,0,0,0,0,22,0,4,6.5,0,2,4,10,10,10,0,0,0,0,0,0,92,0,4,5.0,0,2,2,5,9,6,0,0,0,0,0,0,92,1,4,4.5,1,0,10,8,7,1,0,0,0,0,0,0
76,6,0,3,0,3,4.0,0,2,2,10,4,0,0,0,0,0,0,0,38,1,3,4.5,1,0,4,4,7,0,0,0,0,0,0,0,18,0,3,6.0,0,4,10,10,10,0,0,0,0,0,0,0,90,0,3,4.5,0,2,5,9,6,0,0,0,0,0,0,0,82,1,3,4.0,0,10,8,7,1,0,0,0,0,0,0,0
76,7,0,1,0,2,3.5,0,2,10,4,0,0,0,0,0,0,0,0,38,0,2,3.5,1,0,4,7,0,0,0,0,0,0,0,0,8,0,2,5.5,0,10,10,10,0,0,0,0,0,0,0,0,85,0,2,4.0,0,5,9,6,0,0,0,0,0,0,0,0,74,1,2,3.5,0,8,7,1,0,0,0,0,0,0,0,0
76,8,0,1,0,1,2.5,1,0,4,0,0,0,0,0,0,0,0,0,34,0,1,3.0,0,4,7,0,0,0,0,0,0,0,0,0,0,0,1,5.0,0,0,10,0,0,0,0,0,0,0,0,0,85,0,1,3.0,1,0,6,0,0,0,0,0,0,0,0,0,74,1,1,2.5,1,0,1,0,0,0,0,0,0,0,0,0
76,9,0,1,0,0,1.5,1,0,0,0,0,0,0,0,0,0,0,0,27,0,0,2.5,0,7,0,0,0,0,0,0,0,0,0,0,0,0,0,4.0,1,0,0,0,0,0,0,0,0,0,0,0,85,0,0,2.0,1,0,0,0,0,0,0,0,0,0,0,0,73,1,0,2.0,0,1,0,0,0,0,0,0,0,0,0,0
77,0,74,10,1,9,9.0,1,5,10,9,4,10,7,8,3,3,10,0,50,1,9,9.0,1,2,9,2,4,2,2,5,4,8,8,0,40,0,9,9.5,0,10,2,4,2,5,7,2,4,8,4,0,100,0,9,9.0,1,0,3,6,6,4,8,8,3,2,10,0,100,1,9,9.0,1,0,7,3,6,3,9,9,8,4,8,0
77,1,61,10,1,8,8.0,1,10,9,4,10,7,8,3,3,10,0,0,41,1,8,8.5,0,9,2,4,2,2,5,4,8,8,0,0,38,0,8,9.0,0,2,4,2,5,7,2,4,8,4,0,0,100,1,8,8.0,1,0,6,6,4,8,8,3,2,10,0,0,93,1,8,8.5,0,7,3,6,3,9,9,8,4,8,0,0
77,2,41,10,1,7,7.0,1,9,4,10,7,8,3,3,10,0,0,0,41,0,7,7.5,1,2,4,2,2,5,4,8,8,0,0,0,34,0,7,8.5,0,4,2,5,7,2,4,8,4,0,0,0,100,1,7,7.0,1,6,6,4,8,8,3,2,10,0,0,0,93,1,7,7.5,1,3,6,3,9,9,8,4,8,0,0,0
77,3,19,10,1,6,6.0,1,4,10,7,8,3,3,10,0,0,0,0,41,1,6,6.5,1,0,2,2,5,4,8,8,0,0,0,0,34,0,6,7.5,1,0,5,7,2,4,8,4,0,0,0,0,100,1,6,6.0,1,6,4,8,8,3,2,10,0,0,0,0,93,1,6,6.5,1,6,3,9,9,8,4,8,0,0,0,0
77,4,4,10,1,5,5.0,1,10,7,8,3,3,10,0,0,0,0,0,41,1,5,5.5,1,2,2,5,4,8,8,0,0,0,0,0,29,0,5,7.0,0,5,7,2,4,8,4,0,0,0,0,0,96,1,5,5.5,0,4,8,8,3,2,10,0,0,0,0,0,93,1,5,5.5,1,3,9,9,8,4,8,0,0,0,0,0
77,5,0,10,1,4,4.0,1,0,8,3,3,10,0,0,0,0,0,0,39,1,4,5.0,0,2,5,4,8,8,0,0,0,0,0,0,22,0,4,6.5,0,7,2,4,8,4,0,0,0,0,0,0,96,1,4,4.5,1,0,8,3,2,10,0,0,0,0,0,0,93,1,4,4.5,1,0,9,8,4,8,0,0,0,0,0,0
77,6,0,10,1,3,3.0,1,0,3,3,10,0,0,0,0,0,0,0,34,1,3,4.5,0,5,4,8,8,0,0,0,0,0,0,0,20,0,3,6.0,0,2,4,8,4,0,0,0,0,0,0,0,96,0,3,3.5,1,0,3,2,10,0,0,0,0,0,0,0,93,1,3,3.5,1,0,8,4,8,0,0,0,0,0,0,0
77,7,0,7,0,2,2.5,0,3,3,10,0,0,0,0,0,0,0,0,34,1,2,3.5,1,0,8,8,0,0,0,0,0,0,0,0,16,0,2,5.5,0,4,8,4,0,0,0,0,0,0,0,0,96,1,2,2.5,1,0,2,10,0,0,0,0,0,0,0,0,93,1,2,2.5,1,0,4,8,0,0,0,0,0,0,0,0
77,8,0,4,0,1,2.0,0,3,10,0,0,0,0,0,0,0,0,0,26,1,1,3.0,0,8,8,0,0,0,0,0,0,0,0,0,8,1,1,5.0,0,8,4,0,0,0,0,0,0,0,0,0,96,1,1,1.5,1,0,10,0,0,0,0,0,0,0,0,0,93,0,1,1.5,1,0,8,0,0,0,0,0,0,0,0,0
77,9,0,4,1,0,1.0,1,0,0,0,0,0,0,0,0,0,0,0,26,1,0,2.0,1,0,0,0,0,0,0,0,0,0,0,0,4,1,0,4.5,0,4,0,0,0,0,0,0,0,0,0,0,96,1,0,0.5,1,0,0,0,0,0,0,0,0,0,0,0,93,0,0,0.5,1,0,0,0,0,0,0,0,0,0,0,0
78,0,89,9,1,9,9.5,0,1,10,7,10,3,10,4,9,9,10,0,50,1,9,9.0,1,4,7,5,5,5,6,9,8,2,6,0,50,1,9,9.0,1,6,6,9,5,8,9,8,9,5,10,0,95,0,9,9.5,0,5,1,1,2,5,6,4,7,3,6,0,100,0,9,9.0,1,1,3,2,3,1,3,3,1,7,1,0
78,1,69,9,1,8,8.5,1,0,7,10,3,10,4,9,9,10,0,0,50,1,8,8.0,1,7,5,5,5,6,9,8,2,6,0,0,44,1,8,8.5,0,6,9,5,8,9,8,9,5,10,0,0,94,0,8,9.0,0,1,1,2,5,6,4,7,3,6,0,0,100,0,8,8.0,1,0,2,3,1,3,3,1,7,1,0,0
78,2,54,2,1,7,8.0,0,7,10,3,10,4,9,9,10,0,0,0,50,1,7,7.0,1,5,5,5,6,9,8,2,6,0,0,0,44,1,7,7.5,1,9,5,8,9,8,9,5,10,0,0,0,94,0,7,8.0,1,0,2,5,6,4,7,3,6,0,0,0,98,1,7,7.5,0,2,3,1,3,3,1,7,1,0,0,0
78,3,49,0,1,6,7.5,0,0,3,10,4,9,9,10,0,0,0,0,45,0,6,6.5,0,5,5,6,9,8,2,6,0,0,0,0,39,1,6,7.0,0,5,8,9,8,9,5,10,0,0,0,0,94,0,6,7.0,1,0,5,6,4,7,3,6,0,0,0,0,98,1,6,6.5,1,3,1,3,3,1,7,1,0,0,0,0
78,4,27,0,1,5,6.5,1,0,10,4,9,9,10,0,0,0,0,0,45,1,5,5.5,1,0,6,9,8,2,6,0,0,0,0,0,39,1,5,6.0,1,8,9,8,9,5,10,0,0,0,0,0,94,0,5,6.0,1,0,6,4,7,3,6,0,0,0,0,0,98,0,5,5.5,1,1,3,3,1,7,1,0,0,0,0,0
78,5,2,0,1,4,5.5,1,0,4,9,9,10,0,0,0,0,0,0,39,1,4,5.0,0,6,9,8,2,6,0,0,0,0,0,0,39,1,4,5.0,1,9,8,9,5,10,0,0,0,0,0,0,94,0,4,5.0,1,0,4,7,3,6,0,0,0,0,0,0,95,0,4,5.0,0,3,3,1,7,1,0,0,0,0,0,0
78,6,0,0,1,3,4.5,1,0,9,9,10,0,0,0,0,0,0,0,39,1,3,4.0,1,0,8,2,6,0,0,0,0,0,0,0,39,1,3,4.0,1,0,9,5,10,0,0,0,0,0,0,0,94,0,3,4.0,1,0,7,3,6,0,0,0,0,0,0,0,95,1,3,4.0,1,0,1,7,1,0,0,0,0,0,0,0
78,7,0,0,1,2,4.0,0,0,9,10,0,0,0,0,0,0,0,0,31,1,2,3.5,0,8,2,6,0,0,0,0,0,0,0,0,30,1,2,3.5,0,9,5,10,0,0,0,0,0,0,0,0,94,0,2,3.0,1,0,3,6,0,0,0,0,0,0,0,0,95,1,2,3.0,1,0,7,1,0,0,0,0,0,0,0,0
78,8,0,0,1,1,3.0,1,0,10,0,0,0,0,0,0,0,0,0,31,1,1,2.5,1,0,6,0,0,0,0,0,0,0,0,0,25,1,1,3.0,0,5,10,0,0,0,0,0,0,0,0,0,94,0,1,2.0,1,0,6,0,0,0,0,0,0,0,0,0,88,1,1,2.5,0,7,1,0,0,0,0,0,0,0,0,0
78,9,0,0,1,0,2.0,1,0,0,0,0,0,0,0,0,0,0,0,25,1,0,2.0,0,6,0,0,0,0,0,0,0,0,0,0,15,1,0,2.5,0,10,0,0,0,0,0,0,0,0,0,0,94,0,0,1.0,1,0,0,0,0,0,0,0,0,0,0,0,88,1,0,1.5,1,0,0,0,0,0,0,0,0,0,0,0
79,0,78,10,1,9,9.0,1,6,8,10,1,9,1,1,5,1,9,0,50,0,9,9.0,1,0,4,8,9,1,7,8,2,6,5,0,50,1,9,9.0,1,0,10,7,3,10,10,3,4,2,7,0,91,1,9,9.5,0,9,2,3,2,9,5,1,7,9,8,0,100,0,9,9.0,1,0,8,3,3,7,5,5,6,9,9,0
79,1,56,2,1,8,8.5,0,8,10,1,9,1,1,5,1,9,0,0,50,0,8,8.0,1,0,8,9,1,7,8,2,6,5,0,0,50,1,8,8.0,1,10,7,3,10,10,3,4,2,7,0,0,89,1,8,9.0,0,2,3,2,9,5,1,7,9,8,0,0,100,0,8,8.0,1,0,3,3,7,5,5,6,9,9,0,0
79,2,42,0,1,7,8.0,0,0,1,9,1,1,5,1,9,0,0,0,50,0,7,7.0,1,0,9,1,7,8,2,6,5,0,0,0,43,0,7,7.5,0,7,3,10,10,3,4,2,7,0,0,0,89,1,7,8.0,1,3,2,9,5,1,7,9,8,0,0,0,100,0,7,7.0,1,0,3,7,5,5,6,9,9,0,0,0
79,3,25,0,1,6,7.5,0,0,9,1,1,5,1,9,0,0,0,0,50,0,6,6.0,1,0,1,7,8,2,6,5,0,0,0,0,43,0,6,6.5,1,0,10,10,3,4,2,7,0,0,0,0,89,1,6,7.0,1,2,9,5,1,7,9,8,0,0,0,0,100,0,6,6.0,1,0,7,5,5,6,9,9,0,0,0,0
79,4,0,0,1,5,6.5,1,0,1,1,5,1,9,0,0,0,0,0,50,0,5,5.0,1,0,7,8,2,6,5,0,0,0,0,0,33,1,5,6.0,0,10,10,3,4,2,7,0,0,0,0,0,89,1,5,6.0,1,9,5,1,7,9,8,0,0,0,0,0,100,0,5,5.0,1,0,5,5,6,9,9,0,0,0,0,0
79,5,0,0,0,4,5.5,1,0,1,5,1,9,0,0,0,0,0,0,50,1,4,4.0,1,0,8,2,6,5,0,0,0,0,0,0,23,1,4,5.5,0,10,3,4,2,7,0,0,0,0,0,0,89,1,4,5.0,1,0,1,7,9,8,0,0,0,0,0,0,100,0,4,4.0,1,0,5,6,9,9,0,0,0,0,0,0
79,6,0,0,0,3,4.5,1,0,5,1,9,0,0,0,0,0,0,0,50,1,3,3.0,1,0,2,6,5,0,0,0,0,0,0,0,23,1,3,4.5,1,0,4,2,7,0,0,0,0,0,0,0,89,1,3,4.0,1,0,7,9,8,0,0,0,0,0,0,0,100,0,3,3.0,1,0,6,9,9,0,0,0,0,0,0,0
79,7,0,0,0,2,3.5,1,0,1,9,0,0,0,0,0,0,0,0,48,1,2,2.5,0,2,6,5,0,0,0,0,0,0,0,0,23,1,2,3.5,1,0,2,7,0,0,0,0,0,0,0,0,89,1,2,3.0,1,0,9,8,0,0,0,0,0,0,0,0,100,0,2,2.0,1,0,9,9,0,0,0,0,0,0,0,0
79,8,0,0,0,1,2.5,1,0,9,0,0,0,0,0,0,0,0,0,48,1,1,1.5,1,0,5,0,0,0,0,0,0,0,0,0,21,0,1,3.0,0,2,7,0,0,0,0,0,0,0,0,0,89,1,1,2.0,1,0,8,0,0,0,0,0,0,0,0,0,91,0,1,1.5,0,9,9,0,0,0,0,0,0,0,0,0
79,9,0,0,0,0,2.0,0,0,0,0,0,0,0,0,0,0,0,0,48,1,0,0.5,1,0,0,0,0,0,0,0,0,0,0,0,14,0,0,2.5,0,7,0,0,0,0,0,0,0,0,0,0,89,0,0,1.0,1,0,0,0,0,0,0,0,0,0,0,0,82,0,0,1.0,0,9,0,0,0,0,0,0,0,0,0,0
80,0,81,10,1,9,9.0,1,1,7,4,2,7,2,8,7,6,7,0,50,1,9,9.0,1,4,4,2,10,9,10,1,6,3,5,0,49,1,9,9.5,0,1,1,7,4,10,7,7,9,8,6,0,100,0,9,9.0,1,0,2,5,3,3,6,8,9,2,1,0,100,1,9,9.0,1,5,5,4,4,10,2,3,10,1,4,0
80,1,62,10,1,8,8.0,1,7,4,2,7,2,8,7,6,7,0,0,50,1,8,8.0,1,4,2,10,9,10,1,6,3,5,0,0,49,1,8,8.5,1,1,7,4,10,7,7,9,8,6,0,0,100,0,8,8.0,1,0,5,3,3,6,8,9,2,1,0,0,100,1,8,8.0,1,5,4,4,10,2,3,10,1,4,0,0
80,2,56,6,0,7,7.5,0,4,2,7,2,8,7,6,7,0,0,0,50,1,7,7.0,1,2,10,9,10,1,6,3,5,0,0,0,42,1,7,8.0,0,7,4,10,7,7,9,8,6,0,0,0,95,1,7,7.5,0,5,3,3,6,8,9,2,1,0,0,0,100,1,7,7.0,1,4,4,10,2,3,10,1,4,0,0,0
80,3,42,4,0,6,7.0,0,2,7,2,8,7,6,7,0,0,0,0,50,1,6,6.0,1,10,9,10,1,6,3,5,0,0,0,0,38,1,6,7.5,0,4,10,7,7,9,8,6,0,0,0,0,92,1,6,7.0,0,3,3,6,8,9,2,1,0,0,0,0,100,1,6,6.0,1,4,10,2,3,10,1,4,0,0,0,0
80,4,33,0,0,5,6.5,0,0,2,8,7,6,7,0,0,0,0,0,50,1,5,5.0,1,9,10,1,6,3,5,0,0,0,0,0,28,1,5,7.0,0,10,7,7,9,8,6,0,0,0,0,0,89,0,5,6.5,0,3,6,8,9,2,1,0,0,0,0,0,90,1,5,5.5,0,10,2,3,10,1,4,0,0,0,0,0
80,5,31,0,0,4,5.5,1,0,8,7,6,7,0,0,0,0,0,0,40,1,4,4.5,0,10,1,6,3,5,0,0,0,0,0,0,21,1,4,6.5,0,7,7,9,8,6,0,0,0,0,0,0,83,0,4,6.0,0,6,8,9,2,1,0,0,0,0,0,0,88,1,4,5.0,0,2,3,10,1,4,0,0,0,0,0,0
80,6,22,0,0,3,4.5,1,0,7,6,7,0,0,0,0,0,0,0,40,1,3,3.5,1,1,6,3,5,0,0,0,0,0,0,0,14,1,3,6.0,0,7,9,8,6,0,0,0,0,0,0,0,75,0,3,5.5,0,8,9,2,1,0,0,0,0,0,0,0,85,1,3,4.5,0,3,10,1,4,0,0,0,0,0,0,0
80,7,4,0,0,2,4.0,0,0,6,7,0,0,0,0,0,0,0,0,34,1,2,3.0,0,6,3,5,0,0,0,0,0,0,0,0,14,1,2,5.0,1,9,8,6,0,0,0,0,0,0,0,0,75,0,2,4.5,1,0,2,1,0,0,0,0,0,0,0,0,75,1,2,4.0,0,10,1,4,0,0,0,0,0,0,0,0
80,8,0,0,0,1,3.0,1,0,7,0,0,0,0,0,0,0,0,0,34,1,1,2.0,1,0,5,0,0,0,0,0,0,0,0,0,14,1,1,4.0,1,0,6,0,0,0,0,0,0,0,0,0,73,0,1,4.0,0,2,1,0,0,0,0,0,0,0,0,0,75,0,1,3.0,1,0,4,0,0,0,0,0,0,0,0,0
80,9,0,0,0,0,2.0,1,0,0,0,0,0,0,0,0,0,0,0,34,1,0,1.0,1,0,0,0,0,0,0,0,0,0,0,0,8,0,0,3.5,0,6,0,0,0,0,0,0,0,0,0,0,73,0,0,3.0,1,0,0,0,0,0,0,0,0,0,0,0,75,0,0,2.0,1,0,0,0,0,0,0,0,0,0,0,0
81,0,80,10,0,9,9.0,1,0,10,2,8,8,3,8,6,4,10,0,46,1,9,9.5,0,4,10,9,10,3,10,2,9,5,2,0,50,0,9,9.0,1,0,5,3,9,4,5,7,6,7,4,0,100,1,9,9.0,1,2,8,10,9,6,6,1,1,6,3,0,99,0,9,9.5,0,1,6,6,1,1,2,10,8,7,7,0
81,1,52,10,0,8,8.0,1,0,2,8,8,3,8,6,4,10,0,0,46,1,8,8.5,1,10,9,10,3,10,2,9,5,2,0,0,45,1,8,8.5,0,5,3,9,4,5,7,6,7,4,0,0,100,1,8,8.0,1,8,10,9,6,6,1,1,6,3,0,0,93,0,8,9.0,0,6,6,1,1,2,10,8,7,7,0,0
81,2,27,8,0,7,7.5,0,2,8,8,3,8,6,4,10,0,0,0,46,0,7,7.5,1,9,10,3,10,2,9,5,2,0,0,0,42,0,7,8.0,0,3,9,4,5,7,6,7,4,0,0,0,100,1,7,7.0,1,10,9,6,6,1,1,6,3,0,0,0,93,0,7,8.0,1,0,1,1,2,10,8,7,7,0,0,0
81,3,19,8,0,6,6.5,1,0,8,3,8,6,4,10,0,0,0,0,36,0,6,7.0,0,10,3,10,2,9,5,2,0,0,0,0,33,0,6,7.5,0,9,4,5,7,6,7,4,0,0,0,0,91,1,6,6.5,0,9,6,6,1,1,6,3,0,0,0,0,92,1,6,7.5,0,1,1,2,10,8,7,7,0,0,0,0
81,4,8,0,0,5,6.0,0,8,3,8,6,4,10,0,0,0,0,0,33,0,5,6.5,0,3,10,2,9,5,2,0,0,0,0,0,33,0,5,6.5,1,0,5,7,6,7,4,0,0,0,0,0,91,1,5,5.5,1,6,6,1,1,6,3,0,0,0,0,0,92,1,5,6.5,1,1,2,10,8,7,7,0,0,0,0,0
81,5,0,0,0,4,5.0,1,0,8,6,4,10,0,0,0,0,0,0,23,0,4,6.0,0,10,2,9,5,2,0,0,0,0,0,0,28,1,4,6.0,0,5,7,6,7,4,0,0,0,0,0,0,91,0,4,4.5,1,0,1,1,6,3,0,0,0,0,0,0,90,1,4,6.0,0,2,10,8,7,7,0,0,0,0,0,0
81,6,0,0,0,3,4.0,1,0,6,4,10,0,0,0,0,0,0,0,23,0,3,5.0,1,0,9,5,2,0,0,0,0,0,0,0,28,1,3,5.0,1,0,6,7,4,0,0,0,0,0,0,0,90,0,3,4.0,0,1,1,6,3,0,0,0,0,0,0,0,90,1,3,5.0,1,0,8,7,7,0,0,0,0,0,0,0
81,7,0,0,0,2,3.0,1,0,4,10,0,0,0,0,0,0,0,0,23,0,2,4.0,1,0,5,2,0,0,0,0,0,0,0,0,22,1,2,4.5,0,6,7,4,0,0,0,0,0,0,0,0,90,0,2,3.0,1,0,6,3,0,0,0,0,0,0,0,0,90,1,2,4.0,1,0,7,7,0,0,0,0,0,0,0,0
81,8,0,0,0,1,2.0,1,0,10,0,0,0,0,0,0,0,0,0,23,0,1,3.0,1,0,2,0,0,0,0,0,0,0,0,0,15,1,1,4.0,0,7,4,0,0,0,0,0,0,0,0,0,84,0,1,2.5,0,6,3,0,0,0,0,0,0,0,0,0,83,1,1,3.5,0,7,7,0,0,0,0,0,0,0,0,0
81,9,0,0,0,0,1.0,1,0,0,0,0,0,0,0,0,0,0,0,23,0,0,2.0,1,0,0,0,0,0,0,0,0,0,0,0,11,1,0,3.5,0,4,0,0,0,0,0,0,0,0,0,0,81,0,0,2.0,0,3,0,0,0,0,0,0,0,0,0,0,83,1,0,2.5,1,0,0,0,0,0,0,0,0,0,0,0
82,0,98,6,0,9,9.5,0,4,9,9,2,5,4,8,8,9,1,0,48,0,9,9.5,0,2,2,4,6,4,7,3,3,4,9,0,49,0,9,9.5,0,1,1,5,9,10,3,1,7,5,10,0,100,1,9,9.0,1,2,6,3,5,5,6,8,7,7,2,0,92,1,9,9.5,0,8,1,9,5,8,4,10,3,9,2,0
82,1,88,0,0,8,9.0,0,0,9,2,5,4,8,8,9,1,0,0,48,0,8,8.5,1,0,4,6,4,7,3,3,4,9,0,0,49,1,8,8.5,1,0,5,9,10,3,1,7,5,10,0,0,100,1,8,8.0,1,6,3,5,5,6,8,7,7,2,0,0,92,0,8,8.5,1,1,9,5,8,4,10,3,9,2,0,0
82,2,72,0,0,7,8.5,0,0,2,5,4,8,8,9,1,0,0,0,48,0,7,7.5,1,0,6,4,7,3,3,4,9,0,0,0,44,1,7,8.0,0,5,9,10,3,1,7,5,10,0,0,0,100,1,7,7.0,1,3,5,5,6,8,7,7,2,0,0,0,92,1,7,7.5,1,0,5,8,4,10,3,9,2,0,0,0
82,3,47,0,0,6,8.0,0,0,5,4,8,8,9,1,0,0,0,0,48,0,6,6.5,1,0,4,7,3,3,4,9,0,0,0,0,44,1,6,7.0,1,9,10,3,1,7,5,10,0,0,0,0,100,1,6,6.0,1,5,5,6,8,7,7,2,0,0,0,0,92,1,6,6.5,1,5,8,4,10,3,9,2,0,0,0,0
82,4,30,0,0,5,7.5,0,0,4,8,8,9,1,0,0,0,0,0,48,0,5,5.5,1,0,7,3,3,4,9,0,0,0,0,0,34,1,5,6.5,0,10,3,1,7,5,10,0,0,0,0,0,100,1,5,5.0,1,5,6,8,7,7,2,0,0,0,0,0,92,1,5,5.5,1,8,4,10,3,9,2,0,0,0,0,0
82,5,13,0,0,4,7.0,0,0,8,8,9,1,0,0,0,0,0,0,48,0,4,4.5,1,0,3,3,4,9,0,0,0,0,0,0,31,1,4,6.0,0,3,1,7,5,10,0,0,0,0,0,0,100,1,4,4.0,1,6,8,7,7,2,0,0,0,0,0,0,92,1,4,4.5,1,4,10,3,9,2,0,0,0,0,0,0
82,6,0,0,0,3,6.5,0,0,8,9,1,0,0,0,0,0,0,0,48,0,3,3.5,1,0,3,4,9,0,0,0,0,0,0,0,30,1,3,5.5,0,1,7,5,10,0,0,0,0,0,0,0,100,1,3,3.0,1,8,7,7,2,0,0,0,0,0,0,0,92,0,3,3.5,1,0,3,9,2,0,0,0,0,0,0,0
82,7,0,0,0,2,5.5,1,0,9,1,0,0,0,0,0,0,0,0,45,0,2,3.0,0,3,4,9,0,0,0,0,0,0,0,0,23,1,2,5.0,0,7,5,10,0,0,0,0,0,0,0,0,100,1,2,2.0,1,0,7,2,0,0,0,0,0,0,0,0,89,0,2,3.0,0,3,9,2,0,0,0,0,0,0,0,0
82,8,0,0,0,1,4.5,1,0,1,0,0,0,0,0,0,0,0,0,45,0,1,2.0,1,0,9,0,0,0,0,0,0,0,0,0,18,1,1,4.5,0,5,10,0,0,0,0,0,0,0,0,0,93,1,1,1.5,0,7,2,0,0,0,0,0,0,0,0,0,80,0,1,2.5,0,9,2,0,0,0,0,0,0,0,0,0
82,9,0,0,0,0,3.5,1,0,0,0,0,0,0,0,0,0,0,0,36,0,0,1.5,0,9,0,0,0,0,0,0,0,0,0,0,18,1,0,3.5,1,0,0,0,0,0,0,0,0,0,0,0,91,1,0,1.0,0,2,0,0,0,0,0,0,0,0,0,0,78,0,0,2.0,0,2,0,0,0,0,0,0,0,0,0,0
83,0,69,10,1,9,9.0,1,8,6,1,3,6,10,6,6,8,7,0,50,1,9,9.0,1,3,5,5,9,7,2,4,5,2,10,0,50,1,9,9.0,1,10,3,10,6,7,4,10,6,8,6,0,92,1,9,9.5,0,8,9,8,10,8,2,7,2,8,10,0,100,0,9,9.0,1,10,9,3,6,3,1,6,10,9,2,0
83,1,40,10,1,8,8.0,1,6,1,3,6,10,6,6,8,7,0,0,50,1,8,8.0,1,5,5,9,7,2,4,5,2,10,0,0,47,1,8,8.5,0,3,10,6,7,4,10,6,8,6,0,0,92,0,8,8.5,1,9,8,10,8,2,7,2,8,10,0,0,100,1,8,8.0,1,0,3,6,3,1,6,10,9,2,0,0
83,2,23,10,0,7,7.0,1,1,3,6,10,6,6,8,7,0,0,0,50,1,7,7.0,1,5,9,7,2,4,5,2,10,0,0,0,37,1,7,8.0,0,10,6,7,4,10,6,8,6,0,0,0,92,0,7,7.5,1,0,10,8,2,7,2,8,10,0,0,0,100,1,7,7.0,1,3,6,3,1,6,10,9,2,0,0,0
83,3,5,10,0,6,6.0,1,0,6,10,6,6,8,7,0,0,0,0,50,1,6,6.0,1,9,7,2,4,5,2,10,0,0,0,0,31,1,6,7.5,0,6,7,4,10,6,8,6,0,0,0,0,82,0,6,7.0,0,10,8,2,7,2,8,10,0,0,0,0,100,0,6,6.0,1,6,3,1,6,10,9,2,0,0,0,0
83,4,0,10,0,5,5.0,1,0,10,6,6,8,7,0,0,0,0,0,50,1,5,5.0,1,0,2,4,5,2,10,0,0,0,0,0,31,1,5,6.5,1,0,4,10,6,8,6,0,0,0,0,0,74,0,5,6.5,0,8,2,7,2,8,10,0,0,0,0,0,100,1,5,5.0,1,0,1,6,10,9,2,0,0,0,0,0
83,5,0,10,0,4,4.0,1,0,6,6,8,7,0,0,0,0,0,0,48,1,4,4.5,0,2,4,5,2,10,0,0,0,0,0,0,27,1,4,6.0,0,4,10,6,8,6,0,0,0,0,0,0,74,1,4,5.5,1,0,7,2,8,10,0,0,0,0,0,0,100,1,4,4.0,1,0,6,10,9,2,0,0,0,0,0,0
83,6,0,4,0,3,3.5,0,6,6,8,7,0,0,0,0,0,0,0,44,1,3,4.0,0,4,5,2,10,0,0,0,0,0,0,0,17,1,3,5.5,0,10,6,8,6,0,0,0,0,0,0,0,67,0,3,5.0,0,7,2,8,10,0,0,0,0,0,0,0,94,1,3,3.5,0,6,10,9,2,0,0,0,0,0,0,0
83,7,0,4,0,2,2.5,1,0,8,7,0,0,0,0,0,0,0,0,39,1,2,3.5,0,5,2,10,0,0,0,0,0,0,0,0,11,1,2,5.0,0,6,8,6,0,0,0,0,0,0,0,0,65,0,2,4.5,0,2,8,10,0,0,0,0,0,0,0,0,84,1,2,3.0,0,10,9,2,0,0,0,0,0,0,0,0
83,8,0,4,0,1,1.5,1,0,7,0,0,0,0,0,0,0,0,0,37,0,1,3.0,0,2,10,0,0,0,0,0,0,0,0,0,11,1,1,4.0,1,0,6,0,0,0,0,0,0,0,0,0,57,1,1,4.0,0,8,10,0,0,0,0,0,0,0,0,0,84,1,1,2.0,1,0,2,0,0,0,0,0,0,0,0,0
83,9,0,0,0,0,1.0,0,0,0,0,0,0,0,0,0,0,0,0,27,0,0,2.5,0,10,0,0,0,0,0,0,0,0,0,0,5,1,0,3.5,0,6,0,0,0,0,0,0,0,0,0,0,57,1,0,3.0,1,0,0,0,0,0,0,0,0,0,0,0,84,1,0,1.0,1,0,0,0,0,0,0,0,0,0,0,0
84,0,82,10,0,9,9.0,1,0,5,8,8,4,8,8,10,6,6,0,50,1,9,9.0,1,8,7,5,7,5,3,7,2,6,8,0,44,1,9,9.5,0,6,10,9,4,2,8,10,7,7,7,0,96,1,9,9.5,0,4,7,6,5,6,3,4,1,5,2,0,100,1,9,9.0,1,3,6,4,10,6,10,10,9,5,5,0
84,1,52,5,0,8,8.5,0,5,8,8,4,8,8,10,6,6,0,0,50,1,8,8.0,1,7,5,7,5,3,7,2,6,8,0,0,44,1,8,8.5,1,10,9,4,2,8,10,7,7,7,0,0,96,1,8,8.5,1,7,6,5,6,3,4,1,5,2,0,0,100,1,8,8.0,1,6,4,10,6,10,10,9,5,5,0,0
84,2,37,0,0,7,8.0,0,0,8,4,8,8,10,6,6,0,0,0,45,1,7,7.5,0,5,7,5,3,7,2,6,8,0,0,0,44,1,7,7.5,1,9,4,2,8,10,7,7,7,0,0,0,96,1,7,7.5,1,6,5,6,3,4,1,5,2,0,0,0,96,1,7,7.5,0,4,10,6,10,10,9,5,5,0,0,0
84,3,20,0,0,6,7.0,1,0,4,8,8,10,6,6,0,0,0,0,38,1,6,7.0,0,7,5,3,7,2,6,8,0,0,0,0,44,1,6,6.5,1,4,2,8,10,7,7,7,0,0,0,0,96,1,6,6.5,1,5,6,3,4,1,5,2,0,0,0,0,86,1,6,7.0,0,10,6,10,10,9,5,5,0,0,0,0
84,4,3,0,0,5,6.0,1,0,8,8,10,6,6,0,0,0,0,0,38,1,5,6.0,1,5,3,7,2,6,8,0,0,0,0,0,44,1,5,5.5,1,2,8,10,7,7,7,0,0,0,0,0,90,1,5,6.0,0,6,3,4,1,5,2,0,0,0,0,0,86,1,5,6.0,1,6,10,10,9,5,5,0,0,0,0,0
84,5,0,0,0,4,5.0,1,0,8,10,6,6,0,0,0,0,0,0,35,1,4,5.5,0,3,7,2,6,8,0,0,0,0,0,0,44,1,4,4.5,1,0,10,7,7,7,0,0,0,0,0,0,90,1,4,5.0,1,0,4,1,5,2,0,0,0,0,0,0,86,1,4,5.0,1,0,10,9,5,5,0,0,0,0,0,0
84,6,0,0,0,3,4.0,1,0,10,6,6,0,0,0,0,0,0,0,35,0,3,4.5,1,0,2,6,8,0,0,0,0,0,0,0,34,1,3,4.0,0,10,7,7,7,0,0,0,0,0,0,0,90,1,3,4.0,1,0,1,5,2,0,0,0,0,0,0,0,86,0,3,4.0,1,0,9,5,5,0,0,0,0,0,0,0
84,7,0,0,0,2,3.0,1,0,6,6,0,0,0,0,0,0,0,0,35,0,2,3.5,1,0,6,8,0,0,0,0,0,0,0,0,27,1,2,3.5,0,7,7,7,0,0,0,0,0,0,0,0,90,1,2,3.0,1,0,5,2,0,0,0,0,0,0,0,0,86,0,2,3.0,1,0,5,5,0,0,0,0,0,0,0,0
84,8,0,0,0,1,2.5,0,0,6,0,0,0,0,0,0,0,0,0,35,0,1,2.5,1,0,8,0,0,0,0,0,0,0,0,0,27,1,1,2.5,1,0,7,0,0,0,0,0,0,0,0,0,85,1,1,2.5,0,5,2,0,0,0,0,0,0,0,0,0,86,0,1,2.0,1,0,5,0,0,0,0,0,0,0,0,0
84,9,0,0,0,0,1.5,1,0,0,0,0,0,0,0,0,0,0,0,35,0,0,1.5,1,0,0,0,0,0,0,0,0,0,0,0,27,1,0,1.5,1,0,0,0,0,0,0,0,0,0,0,0,83,1,0,2.0,0,2,0,0,0,0,0,0,0,0,0,0,81,0,0,1.5,0,5,0,0,0,0,0,0,0,0,0,0
85,0,79,10,1,9,9.0,1,2,3,1,2,2,1,7,10,8,5,0,50,1,9,9.0,1,7,7,5,1,9,10,10,4,5,1,0,46,1,9,9.5,0,4,4,4,5,5,9,5,7,10,9,0,100,1,9,9.0,1,7,8,9,1,10,5,3,3,6,6,0,100,0,9,9.0,1,0,3,9,7,7,4,9,4,4,8,0
85,1,65,10,1,8,8.0,1,3,1,2,2,1,7,10,8,5,0,0,43,1,8,8.5,0,7,5,1,9,10,10,4,5,1,0,0,42,1,8,9.0,0,4,4,5,5,9,5,7,10,9,0,0,100,1,8,8.0,1,8,9,1,10,5,3,3,6,6,0,0,100,0,8,8.0,1,0,9,7,7,4,9,4,4,8,0,0
85,2,46,10,1,7,7.0,1,1,2,2,1,7,10,8,5,0,0,0,38,1,7,8.0,0,5,1,9,10,10,4,5,1,0,0,0,38,0,7,8.5,0,4,5,5,9,5,7,10,9,0,0,0,100,1,7,7.0,1,9,1,10,5,3,3,6,6,0,0,0,100,0,7,7.0,1,0,7,7,4,9,4,4,8,0,0,0
85,3,37,10,1,6,6.0,1,2,2,1,7,10,8,5,0,0,0,0,38,0,6,7.0,1,1,9,10,10,4,5,1,0,0,0,0,38,1,6,7.5,1,0,5,9,5,7,10,9,0,0,0,0,100,1,6,6.0,1,1,10,5,3,3,6,6,0,0,0,0,93,0,6,6.5,0,7,7,4,9,4,4,8,0,0,0,0
85,4,21,8,1,5,5.5,0,2,1,7,10,8,5,0,0,0,0,0,38,0,5,6.0,1,0,10,10,4,5,1,0,0,0,0,0,33,1,5,7.0,0,5,9,5,7,10,9,0,0,0,0,0,90,1,5,5.5,0,10,5,3,3,6,6,0,0,0,0,0,93,0,5,5.5,1,0,4,9,4,4,8,0,0,0,0,0
85,5,0,8,1,4,4.5,1,1,7,10,8,5,0,0,0,0,0,0,38,0,4,5.0,1,0,10,4,5,1,0,0,0,0,0,0,33,1,4,6.0,1,9,5,7,10,9,0,0,0,0,0,0,90,1,4,4.5,1,0,3,3,6,6,0,0,0,0,0,0,93,0,4,4.5,1,0,9,4,4,8,0,0,0,0,0,0
85,6,0,8,1,3,3.5,1,0,10,8,5,0,0,0,0,0,0,0,28,1,3,4.5,0,10,4,5,1,0,0,0,0,0,0,0,28,1,3,5.5,0,5,7,10,9,0,0,0,0,0,0,0,90,1,3,3.5,1,0,3,6,6,0,0,0,0,0,0,0,93,0,3,3.5,1,0,4,4,8,0,0,0,0,0,0,0
85,7,0,8,1,2,2.5,1,0,8,5,0,0,0,0,0,0,0,0,28,1,2,3.5,1,0,5,1,0,0,0,0,0,0,0,0,21,1,2,5.0,0,7,10,9,0,0,0,0,0,0,0,0,90,1,2,2.5,1,0,6,6,0,0,0,0,0,0,0,0,93,0,2,2.5,1,0,4,8,0,0,0,0,0,0,0,0
85,8,0,0,1,1,2.0,0,8,5,0,0,0,0,0,0,0,0,0,28,0,1,2.5,1,0,1,0,0,0,0,0,0,0,0,0,21,1,1,4.0,1,0,9,0,0,0,0,0,0,0,0,0,90,1,1,1.5,1,0,6,0,0,0,0,0,0,0,0,0,89,0,1,2.0,0,4,8,0,0,0,0,0,0,0,0,0
85,9,0,0,1,0,1.0,1,0,0,0,0,0,0,0,0,0,0,0,28,0,0,1.5,1,0,0,0,0,0,0,0,0,0,0,0,21,1,0,3.0,1,0,0,0,0,0,0,0,0,0,0,0,84,0,0,1.0,0,6,0,0,0,0,0,0,0,0,0,0,89,1,0,1.0,1,0,0,0,0,0,0,0,0,0,0,0
86,0,86,10,0,9,9.0,1,0,3,8,7,8,10,5,5,10,7,0,50,1,9,9.0,1,4,2,8,10,1,3,7,1,5,2,0,49,0,9,9.5,0,1,3,5,9,1,10,1,5,9,8,0,100,1,9,9.0,1,1,5,9,6,10,6,9,7,5,9,0,96,1,9,9.5,0,4,5,6,1,10,5,2,4,6,10,0
86,1,76,10,1,8,8.0,1,0,8,7,8,10,5,5,10,7,0,0,50,1,8,8.0,1,2,8,10,1,3,7,1,5,2,0,0,46,0,8,9.0,0,3,5,9,1,10,1,5,9,8,0,0,100,1,8,8.0,1,5,9,6,10,6,9,7,5,9,0,0,91,1,8,9.0,0,5,6,1,10,5,2,4,6,10,0,0
86,2,45,10,1,7,7.0,1,8,7,8,10,5,5,10,7,0,0,0,50,1,7,7.0,1,8,10,1,3,7,1,5,2,0,0,0,41,0,7,8.5,0,5,9,1,10,1,5,9,8,0,0,0,100,1,7,7.0,1,9,6,10,6,9,7,5,9,0,0,0,91,1,7,8.0,1,6,1,10,5,2,4,6,10,0,0,0
86,3,28,10,0,6,6.0,1,7,8,10,5,5,10,7,0,0,0,0,50,1,6,6.0,1,10,1,3,7,1,5,2,0,0,0,0,32,0,6,8.0,0,9,1,10,1,5,9,8,0,0,0,0,94,1,6,6.5,0,6,10,6,9,7,5,9,0,0,0,0,90,0,6,7.5,0,1,10,5,2,4,6,10,0,0,0,0
86,4,0,10,0,5,5.0,1,0,10,5,5,10,7,0,0,0,0,0,50,1,5,5.0,1,1,3,7,1,5,2,0,0,0,0,0,31,0,5,7.5,0,1,10,1,5,9,8,0,0,0,0,0,94,0,5,5.5,1,10,6,9,7,5,9,0,0,0,0,0,90,0,5,6.5,1,0,5,2,4,6,10,0,0,0,0,0
86,5,0,10,0,4,4.0,1,0,5,5,10,7,0,0,0,0,0,0,50,1,4,4.0,1,0,7,1,5,2,0,0,0,0,0,0,31,0,4,6.5,1,0,1,5,9,8,0,0,0,0,0,0,94,0,4,4.5,1,0,9,7,5,9,0,0,0,0,0,0,90,0,4,5.5,1,0,2,4,6,10,0,0,0,0,0,0
86,6,0,10,0,3,3.0,1,0,5,10,7,0,0,0,0,0,0,0,50,0,3,3.0,1,0,1,5,2,0,0,0,0,0,0,0,30,0,3,6.0,0,1,5,9,8,0,0,0,0,0,0,0,94,1,3,3.5,1,0,7,5,9,0,0,0,0,0,0,0,90,0,3,4.5,1,0,4,6,10,0,0,0,0,0,0,0
86,7,0,10,0,2,2.0,1,0,10,7,0,0,0,0,0,0,0,0,49,0,2,2.5,0,1,5,2,0,0,0,0,0,0,0,0,25,0,2,5.5,0,5,9,8,0,0,0,0,0,0,0,0,87,1,2,3.0,0,7,5,9,0,0,0,0,0,0,0,0,90,1,2,3.5,1,0,6,10,0,0,0,0,0,0,0,0
86,8,0,10,0,1,1.0,1,0,7,0,0,0,0,0,0,0,0,0,49,1,1,1.5,1,0,2,0,0,0,0,0,0,0,0,0,16,0,1,5.0,0,9,8,0,0,0,0,0,0,0,0,0,87,1,1,2.0,1,0,9,0,0,0,0,0,0,0,0,0,84,1,1,3.0,0,6,10,0,0,0,0,0,0,0,0,0
86,9,0,10,0,0,0.0,1,0,0,0,0,0,0,0,0,0,0,0,49,1,0,0.5,1,0,0,0,0,0,0,0,0,0,0,0,8,0,0,4.5,0,8,0,0,0,0,0,0,0,0,0,0,87,1,0,1.0,1,0,0,0,0,0,0,0,0,0,0,0,74,1,0,2.5,0,10,0,0,0,0,0,0,0,0,0,0
87,0,86,10,0,9,9.0,1,0,2,1,7,7,5,1,3,1,6,0,50,1,9,9.0,1,4,5,1,9,4,4,9,8,4,3,0,48,1,9,9.5,0,2,3,2,6,1,8,5,6,6,10,0,100,1,9,9.0,1,0,3,2,10,2,10,3,4,3,1,0,98,1,9,9.5,0,2,1,7,10,2,8,3,2,4,7,0
87,1,79,10,0,8,8.0,1,0,1,7,7,5,1,3,1,6,0,0,50,1,8,8.0,1,5,1,9,4,4,9,8,4,3,0,0,45,1,8,9.0,0,3,2,6,1,8,5,6,6,10,0,0,97,1,8,8.5,0,3,2,10,2,10,3,4,3,1,0,0,97,1,8,9.0,0,1,7,10,2,8,3,2,4,7,0,0
87,2,76,9,0,7,7.5,0,1,7,7,5,1,3,1,6,0,0,0,50,1,7,7.0,1,1,9,4,4,9,8,4,3,0,0,0,43,1,7,8.5,0,2,6,1,8,5,6,6,10,0,0,0,97,1,7,7.5,1,2,10,2,10,3,4,3,1,0,0,0,90,1,7,8.5,0,7,10,2,8,3,2,4,7,0,0,0
87,3,57,2,0,6,7.0,0,7,7,5,1,3,1,6,0,0,0,0,50,1,6,6.0,1,9,4,4,9,8,4,3,0,0,0,0,37,1,6,8.0,0,6,1,8,5,6,6,10,0,0,0,0,87,1,6,7.0,0,10,2,10,3,4,3,1,0,0,0,0,90,1,6,7.5,1,10,2,8,3,2,4,7,0,0,0,0
87,4,44,2,0,5,6.0,1,0,5,1,3,1,6,0,0,0,0,0,50,1,5,5.0,1,4,4,9,8,4,3,0,0,0,0,0,36,1,5,7.5,0,1,8,5,6,6,10,0,0,0,0,0,85,0,5,6.5,0,2,10,3,4,3,1,0,0,0,0,0,90,1,5,6.5,1,2,8,3,2,4,7,0,0,0,0,0
87,5,17,2,0,4,5.0,1,0,1,3,1,6,0,0,0,0,0,0,50,1,4,4.0,1,4,9,8,4,3,0,0,0,0,0,0,28,0,4,7.0,0,8,5,6,6,10,0,0,0,0,0,0,85,0,4,5.5,1,0,3,4,3,1,0,0,0,0,0,0,90,1,4,5.5,1,8,3,2,4,7,0,0,0,0,0,0
87,6,4,2,0,3,4.0,1,0,3,1,6,0,0,0,0,0,0,0,50,1,3,3.0,1,9,8,4,3,0,0,0,0,0,0,0,23,0,3,6.5,0,5,6,6,10,0,0,0,0,0,0,0,82,0,3,5.0,0,3,4,3,1,0,0,0,0,0,0,0,90,0,3,4.5,1,3,2,4,7,0,0,0,0,0,0,0
87,7,0,2,0,2,3.0,1,0,1,6,0,0,0,0,0,0,0,0,50,1,2,2.0,1,0,4,3,0,0,0,0,0,0,0,0,17,0,2,6.0,0,6,6,10,0,0,0,0,0,0,0,0,82,0,2,4.0,1,0,3,1,0,0,0,0,0,0,0,0,90,1,2,3.5,1,0,4,7,0,0,0,0,0,0,0,0
87,8,0,2,0,1,2.0,1,0,6,0,0,0,0,0,0,0,0,0,50,1,1,1.0,1,0,3,0,0,0,0,0,0,0,0,0,11,0,1,5.5,0,6,10,0,0,0,0,0,0,0,0,0,82,1,1,3.0,1,0,1,0,0,0,0,0,0,0,0,0,86,1,1,3.0,0,4,7,0,0,0,0,0,0,0,0,0
87,9,0,2,0,0,1.0,1,0,0,0,0,0,0,0,0,0,0,0,47,1,0,0.5,0,3,0,0,0,0,0,0,0,0,0,0,11,0,0,4.5,1,0,0,0,0,0,0,0,0,0,0,0,82,1,0,2.0,1,0,0,0,0,0,0,0,0,0,0,0,86,1,0,2.0,1,0,0,0,0,0,0,0,0,0,0,0
88,0,84,6,1,9,9.5,0,4,10,10,6,2,8,5,3,5,3,0,45,1,9,9.5,0,5,1,7,2,5,7,3,5,3,8,0,50,0,9,9.0,1,0,4,6,1,6,3,1,10,3,7,0,100,1,9,9.0,1,0,7,8,1,4,5,7,6,5,5,0,100,1,9,9.0,1,0,9,1,4,6,7,9,1,1,2,0
88,1,66,6,1,8,8.5,1,0,10,6,2,8,5,3,5,3,0,0,45,1,8,8.5,1,1,7,2,5,7,3,5,3,8,0,0,46,0,8,8.5,0,4,6,1,6,3,1,10,3,7,0,0,100,0,8,8.0,1,7,8,1,4,5,7,6,5,5,0,0,91,1,8,8.5,0,9,1,4,6,7,9,1,1,2,0,0
88,2,65,0,1,7,8.0,0,0,6,2,8,5,3,5,3,0,0,0,38,1,7,8.0,0,7,2,5,7,3,5,3,8,0,0,0,40,1,7,8.0,0,6,1,6,3,1,10,3,7,0,0,0,92,0,7,7.5,0,8,1,4,5,7,6,5,5,0,0,0,91,1,7,7.5,1,1,4,6,7,9,1,1,2,0,0,0
88,3,56,0,1,6,7.0,1,0,2,8,5,3,5,3,0,0,0,0,38,1,6,7.0,1,2,5,7,3,5,3,8,0,0,0,0,39,1,6,7.5,0,1,6,3,1,10,3,7,0,0,0,0,92,1,6,6.5,1,0,4,5,7,6,5,5,0,0,0,0,87,1,6,7.0,0,4,6,7,9,1,1,2,0,0,0,0
88,4,39,0,1,5,6.0,1,0,8,5,3,5,3,0,0,0,0,0,38,1,5,6.0,1,5,7,3,5,3,8,0,0,0,0,0,33,1,5,7.0,0,6,3,1,10,3,7,0,0,0,0,0,92,0,5,5.5,1,4,5,7,6,5,5,0,0,0,0,0,87,1,5,6.0,1,6,7,9,1,1,2,0,0,0,0,0
88,5,20,0,1,4,5.5,0,0,5,3,5,3,0,0,0,0,0,0,38,1,4,5.0,1,7,3,5,3,8,0,0,0,0,0,0,30,1,4,6.5,0,3,1,10,3,7,0,0,0,0,0,0,92,0,4,4.5,1,0,7,6,5,5,0,0,0,0,0,0,87,1,4,5.0,1,7,9,1,1,2,0,0,0,0,0,0
88,6,0,0,1,3,4.5,1,0,3,5,3,0,0,0,0,0,0,0,38,1,3,4.0,1,3,5,3,8,0,0,0,0,0,0,0,29,1,3,6.0,0,1,10,3,7,0,0,0,0,0,0,0,92,0,3,3.5,1,0,6,5,5,0,0,0,0,0,0,0,87,1,3,4.0,1,0,1,1,2,0,0,0,0,0,0,0
88,7,0,0,1,2,3.5,1,0,5,3,0,0,0,0,0,0,0,0,38,1,2,3.0,1,0,3,8,0,0,0,0,0,0,0,0,29,1,2,5.0,1,0,3,7,0,0,0,0,0,0,0,0,92,0,2,2.5,1,0,5,5,0,0,0,0,0,0,0,0,87,1,2,3.0,1,0,1,2,0,0,0,0,0,0,0,0
88,8,0,0,1,1,2.5,1,0,3,0,0,0,0,0,0,0,0,0,38,1,1,2.0,1,0,8,0,0,0,0,0,0,0,0,0,29,1,1,4.0,1,0,7,0,0,0,0,0,0,0,0,0,92,0,1,1.5,1,0,5,0,0,0,0,0,0,0,0,0,87,1,1,2.0,1,0,2,0,0,0,0,0,0,0,0,0
88,9,0,0,1,0,1.5,1,0,0,0,0,0,0,0,0,0,0,0,38,1,0,1.0,1,0,0,0,0,0,0,0,0,0,0,0,22,1,0,3.5,0,7,0,0,0,0,0,0,0,0,0,0,87,0,0,1.0,0,5,0,0,0,0,0,0,0,0,0,0,87,1,0,1.0,1,0,0,0,0,0,0,0,0,0,0,0
89,0,76,10,0,9,9.0,1,0,4,5,7,5,9,3,4,9,5,0,50,1,9,9.0,1,5,2,8,10,3,8,6,6,2,9,0,50,0,9,9.0,1,0,1,8,6,6,2,5,1,8,10,0,100,1,9,9.0,1,3,1,7,4,8,7,9,2,4,2,0,100,0,9,9.0,1,0,8,3,5,4,9,8,7,1,2,0
89,1,61,10,0,8,8.0,1,0,5,7,5,9,3,4,9,5,0,0,50,1,8,8.0,1,2,8,10,3,8,6,6,2,9,0,0,49,0,8,8.5,0,1,8,6,6,2,5,1,8,10,0,0,100,1,8,8.0,1,1,7,4,8,7,9,2,4,2,0,0,100,0,8,8.0,1,0,3,5,4,9,8,7,1,2,0,0
89,2,48,10,0,7,7.0,1,0,7,5,9,3,4,9,5,0,0,0,42,0,7,7.5,0,8,10,3,8,6,6,2,9,0,0,0,49,0,7,7.5,1,0,6,6,2,5,1,8,10,0,0,0,93,1,7,7.5,0,7,4,8,7,9,2,4,2,0,0,0,97,0,7,7.5,0,3,5,4,9,8,7,1,2,0,0,0
89,3,33,3,0,6,6.5,0,7,5,9,3,4,9,5,0,0,0,0,42,0,6,6.5,1,0,3,8,6,6,2,9,0,0,0,0,43,0,6,7.0,0,6,6,2,5,1,8,10,0,0,0,0,89,1,6,7.0,0,4,8,7,9,2,4,2,0,0,0,0,97,1,6,6.5,1,0,4,9,8,7,1,2,0,0,0,0
89,4,21,0,0,5,6.0,0,0,9,3,4,9,5,0,0,0,0,0,39,0,5,6.0,0,3,8,6,6,2,9,0,0,0,0,0,37,0,5,6.5,0,6,2,5,1,8,10,0,0,0,0,0,89,0,5,6.0,1,8,7,9,2,4,2,0,0,0,0,0,97,1,5,5.5,1,4,9,8,7,1,2,0,0,0,0,0
89,5,4,0,0,4,5.5,0,0,3,4,9,5,0,0,0,0,0,0,39,0,4,5.0,1,0,6,6,2,9,0,0,0,0,0,0,35,0,4,6.0,0,2,5,1,8,10,0,0,0,0,0,0,82,0,4,5.5,0,7,9,2,4,2,0,0,0,0,0,0,97,1,4,4.5,1,9,8,7,1,2,0,0,0,0,0,0
89,6,0,0,0,3,4.5,1,0,4,9,5,0,0,0,0,0,0,0,39,1,3,4.0,1,0,6,2,9,0,0,0,0,0,0,0,30,1,3,5.5,0,5,1,8,10,0,0,0,0,0,0,0,82,1,3,4.5,1,0,2,4,2,0,0,0,0,0,0,0,97,1,3,3.5,1,0,7,1,2,0,0,0,0,0,0,0
89,7,0,0,0,2,3.5,1,0,9,5,0,0,0,0,0,0,0,0,33,0,2,3.5,0,6,2,9,0,0,0,0,0,0,0,0,29,1,2,5.0,0,1,8,10,0,0,0,0,0,0,0,0,82,1,2,3.5,1,0,4,2,0,0,0,0,0,0,0,0,97,1,2,2.5,1,0,1,2,0,0,0,0,0,0,0,0
89,8,0,0,0,1,2.5,1,0,5,0,0,0,0,0,0,0,0,0,31,0,1,3.0,0,2,9,0,0,0,0,0,0,0,0,0,21,1,1,4.5,0,8,10,0,0,0,0,0,0,0,0,0,82,1,1,2.5,1,0,2,0,0,0,0,0,0,0,0,0,97,1,1,1.5,1,0,2,0,0,0,0,0,0,0,0,0
89,9,0,0,0,0,1.5,1,0,0,0,0,0,0,0,0,0,0,0,31,1,0,2.0,1,0,0,0,0,0,0,0,0,0,0,0,11,1,0,4.0,0,10,0,0,0,0,0,0,0,0,0,0,80,1,0,2.0,0,2,0,0,0,0,0,0,0,0,0,0,95,1,0,1.0,0,2,0,0,0,0,0,0,0,0,0,0
90,0,89,10,0,9,9.0,1,0,2,3,4,6,8,1,10,7,10,0,42,1,9,9.5,0,8,1,7,3,7,1,5,2,8,7,0,50,0,9,9.0,1,0,8,7,6,3,6,10,4,3,6,0,96,1,9,9.5,0,4,4,5,9,2,10,7,7,1,1,0,100,1,9,9.0,1,0,1,1,4,7,2,4,10,6,8,0
90,1,82,10,0,8,8.0,1,0,3,4,6,8,1,10,7,10,0,0,42,0,8,8.5,1,1,7,3,7,1,5,2,8,7,0,0,42,0,8,8.5,0,8,7,6,3,6,10,4,3,6,0,0,96,1,8,8.5,1,4,5,9,2,10,7,7,1,1,0,0,99,0,8,8.5,0,1,1,4,7,2,4,10,6,8,0,0
90,2,66,10,0,7,7.0,1,0,4,6,8,1,10,7,10,0,0,0,42,1,7,7.5,1,0,3,7,1,5,2,8,7,0,0,0,35,0,7,8.0,0,7,6,3,6,10,4,3,6,0,0,0,96,1,7,7.5,1,5,9,2,10,7,7,1,1,0,0,0,99,0,7,7.5,1,0,4,7,2,4,10,6,8,0,0,0
90,3,59,6,0,6,6.5,0,4,6,8,1,10,7,10,0,0,0,0,42,1,6,6.5,1,3,7,1,5,2,8,7,0,0,0,0,29,0,6,7.5,0,6,3,6,10,4,3,6,0,0,0,0,87,1,6,7.0,0,9,2,10,7,7,1,1,0,0,0,0,99,0,6,6.5,1,0,7,2,4,10,6,8,0,0,0,0
90,4,46,6,0,5,5.5,1,0,8,1,10,7,10,0,0,0,0,0,35,0,5,6.0,0,7,1,5,2,8,7,0,0,0,0,0,26,1,5,7.0,0,3,6,10,4,3,6,0,0,0,0,0,85,1,5,6.5,0,2,10,7,7,1,1,0,0,0,0,0,99,0,5,5.5,1,0,2,4,10,6,8,0,0,0,0,0
90,5,35,6,1,4,4.5,1,0,1,10,7,10,0,0,0,0,0,0,35,0,4,5.0,1,0,5,2,8,7,0,0,0,0,0,0,20,1,4,6.5,0,6,10,4,3,6,0,0,0,0,0,0,75,0,4,6.0,0,10,7,7,1,1,0,0,0,0,0,0,99,0,4,4.5,1,0,4,10,6,8,0,0,0,0,0,0
90,6,28,5,1,3,4.0,0,1,10,7,10,0,0,0,0,0,0,0,30,0,3,4.5,0,5,2,8,7,0,0,0,0,0,0,0,10,0,3,6.0,0,10,4,3,6,0,0,0,0,0,0,0,75,0,3,5.0,1,0,7,1,1,0,0,0,0,0,0,0,95,1,3,4.0,0,4,10,6,8,0,0,0,0,0,0,0
90,7,5,5,1,2,3.0,1,0,7,10,0,0,0,0,0,0,0,0,30,0,2,3.5,1,0,8,7,0,0,0,0,0,0,0,0,10,0,2,5.0,1,0,3,6,0,0,0,0,0,0,0,0,75,0,2,4.0,1,0,1,1,0,0,0,0,0,0,0,0,85,1,2,3.5,0,10,6,8,0,0,0,0,0,0,0,0
90,8,0,5,1,1,2.0,1,0,10,0,0,0,0,0,0,0,0,0,30,0,1,2.5,1,0,7,0,0,0,0,0,0,0,0,0,7,0,1,4.5,0,3,6,0,0,0,0,0,0,0,0,0,74,0,1,3.5,0,1,1,0,0,0,0,0,0,0,0,0,79,1,1,3.0,0,6,8,0,0,0,0,0,0,0,0,0
90,9,0,5,1,0,1.0,1,0,0,0,0,0,0,0,0,0,0,0,30,0,0,1.5,1,0,0,0,0,0,0,0,0,0,0,0,1,0,0,4.0,0,6,0,0,0,0,0,0,0,0,0,0,74,0,0,2.5,1,0,0,0,0,0,0,0,0,0,0,0,79,1,0,2.0,1,0,0,0,0,0,0,0,0,0,0,0
91,0,85,10,0,9,9.0,1,0,2,9,4,9,3,2,3,10,10,0,50,0,9,9.0,1,0,8,7,1,3,7,2,7,5,2,0,47,1,9,9.5,0,3,2,9,10,5,7,9,1,2,4,0,100,0,9,9.0,1,0,3,10,5,1,6,8,7,10,7,0,98,0,9,9.5,0,2,6,10,9,6,5,5,6,2,5,0
91,1,72,10,0,8,8.0,1,0,9,4,9,3,2,3,10,10,0,0,50,0,8,8.0,1,0,7,1,3,7,2,7,5,2,0,0,45,1,8,9.0,0,2,9,10,5,7,9,1,2,4,0,0,100,0,8,8.0,1,0,10,5,1,6,8,7,10,7,0,0,92,1,8,9.0,0,6,10,9,6,5,5,6,2,5,0,0
91,2,55,1,0,7,7.5,0,9,4,9,3,2,3,10,10,0,0,0,50,0,7,7.0,1,0,1,3,7,2,7,5,2,0,0,0,36,1,7,8.5,0,9,10,5,7,9,1,2,4,0,0,0,90,0,7,7.5,0,10,5,1,6,8,7,10,7,0,0,0,92,1,7,8.0,1,10,9,6,5,5,6,2,5,0,0,0
91,3,36,1,0,6,6.5,1,0,9,3,2,3,10,10,0,0,0,0,50,0,6,6.0,1,0,3,7,2,7,5,2,0,0,0,0,26,1,6,8.0,0,10,5,7,9,1,2,4,0,0,0,0,90,0,6,6.5,1,0,1,6,8,7,10,7,0,0,0,0,92,1,6,7.0,1,9,6,5,5,6,2,5,0,0,0,0
91,4,24,1,0,5,5.5,1,0,3,2,3,10,10,0,0,0,0,0,50,0,5,5.0,1,0,7,2,7,5,2,0,0,0,0,0,21,1,5,7.5,0,5,7,9,1,2,4,0,0,0,0,0,89,0,5,6.0,0,1,6,8,7,10,7,0,0,0,0,0,86,1,5,6.5,0,6,5,5,6,2,5,0,0,0,0,0
91,5,3,1,0,4,4.5,1,0,2,3,10,10,0,0,0,0,0,0,50,0,4,4.0,1,0,2,7,5,2,0,0,0,0,0,0,14,1,4,7.0,0,7,9,1,2,4,0,0,0,0,0,0,89,0,4,5.0,1,0,8,7,10,7,0,0,0,0,0,0,86,0,4,5.5,1,5,5,6,2,5,0,0,0,0,0,0
91,6,0,1,0,3,3.5,1,0,3,10,10,0,0,0,0,0,0,0,50,0,3,3.0,1,0,7,5,2,0,0,0,0,0,0,0,5,1,3,6.5,0,9,1,2,4,0,0,0,0,0,0,0,89,0,3,4.0,1,0,7,10,7,0,0,0,0,0,0,0,86,0,3,4.5,1,0,6,2,5,0,0,0,0,0,0,0
91,7,0,1,0,2,2.5,1,0,10,10,0,0,0,0,0,0,0,0,50,0,2,2.0,1,0,5,2,0,0,0,0,0,0,0,0,4,1,2,6.0,0,1,2,4,0,0,0,0,0,0,0,0,82,0,2,3.5,0,7,10,7,0,0,0,0,0,0,0,0,80,0,2,4.0,0,6,2,5,0,0,0,0,0,0,0,0
91,8,0,1,0,1,1.5,1,0,10,0,0,0,0,0,0,0,0,0,50,0,1,1.0,1,0,2,0,0,0,0,0,0,0,0,0,2,1,1,5.5,0,2,4,0,0,0,0,0,0,0,0,0,72,0,1,3.0,0,10,7,0,0,0,0,0,0,0,0,0,80,0,1,3.0,1,0,5,0,0,0,0,0,0,0,0,0
91,9,0,1,0,0,0.5,1,0,0,0,0,0,0,0,0,0,0,0,48,0,0,0.5,0,2,0,0,0,0,0,0,0,0,0,0,2,1,0,4.5,1,0,0,0,0,0,0,0,0,0,0,0,65,0,0,2.5,0,7,0,0,0,0,0,0,0,0,0,0,75,0,0,2.5,0,5,0,0,0,0,0,0,0,0,0,0
92,0,86,10,0,9,9.0,1,0,1,1,8,5,8,4,7,1,5,0,47,0,9,9.5,0,3,4,6,4,10,6,3,8,9,10,0,48,1,9,9.5,0,2,4,1,8,5,5,5,6,6,7,0,100,0,9,9.0,1,0,1,9,4,6,8,6,9,8,1,0,100,1,9,9.0,1,0,9,2,1,7,1,6,5,4,7,0
92,1,73,9,0,8,8.5,0,1,1,8,5,8,4,7,1,5,0,0,47,0,8,8.5,1,0,6,4,10,6,3,8,9,10,0,0,44,1,8,9.0,0,4,1,8,5,5,5,6,6,7,0,0,99,0,8,8.5,0,1,9,4,6,8,6,9,8,1,0,0,100,1,8,8.0,1,9,2,1,7,1,6,5,4,7,0,0
92,2,66,9,0,7,7.5,1,0,8,5,8,4,7,1,5,0,0,0,47,1,7,7.5,1,0,4,10,6,3,8,9,10,0,0,0,43,1,7,8.5,0,1,8,5,5,5,6,6,7,0,0,0,90,1,7,8.0,0,9,4,6,8,6,9,8,1,0,0,0,98,1,7,7.5,0,2,1,7,1,6,5,4,7,0,0,0
92,3,62,1,0,6,7.0,0,8,5,8,4,7,1,5,0,0,0,0,47,1,6,6.5,1,4,10,6,3,8,9,10,0,0,0,0,35,0,6,8.0,0,8,5,5,5,6,6,7,0,0,0,0,86,1,6,7.5,0,4,6,8,6,9,8,1,0,0,0,0,97,1,6,7.0,0,1,7,1,6,5,4,7,0,0,0,0
92,4,49,0,0,5,6.5,0,0,8,4,7,1,5,0,0,0,0,0,37,1,5,6.0,0,10,6,3,8,9,10,0,0,0,0,0,30,0,5,7.5,0,5,5,5,6,6,7,0,0,0,0,0,86,1,5,6.5,1,6,8,6,9,8,1,0,0,0,0,0,97,1,5,6.0,1,7,1,6,5,4,7,0,0,0,0,0
92,5,42,0,0,4,6.0,0,0,4,7,1,5,0,0,0,0,0,0,37,1,4,5.0,1,6,3,8,9,10,0,0,0,0,0,0,25,0,4,7.0,0,5,5,6,6,7,0,0,0,0,0,0,78,1,4,6.0,0,8,6,9,8,1,0,0,0,0,0,0,97,1,4,5.0,1,1,6,5,4,7,0,0,0,0,0,0
92,6,18,0,0,3,5.0,1,0,7,1,5,0,0,0,0,0,0,0,37,1,3,4.0,1,3,8,9,10,0,0,0,0,0,0,0,25,0,3,6.0,1,0,6,6,7,0,0,0,0,0,0,0,78,1,3,5.0,1,6,9,8,1,0,0,0,0,0,0,0,97,1,3,4.0,1,6,5,4,7,0,0,0,0,0,0,0
92,7,5,0,0,2,4.5,0,0,1,5,0,0,0,0,0,0,0,0,37,1,2,3.0,1,8,9,10,0,0,0,0,0,0,0,0,19,0,2,5.5,0,6,6,7,0,0,0,0,0,0,0,0,69,1,2,4.5,0,9,8,1,0,0,0,0,0,0,0,0,97,1,2,3.0,1,5,4,7,0,0,0,0,0,0,0,0
92,8,0,0,0,1,4.0,0,0,5,0,0,0,0,0,0,0,0,0,37,1,1,2.0,1,0,10,0,0,0,0,0,0,0,0,0,19,0,1,4.5,1,0,7,0,0,0,0,0,0,0,0,0,61,1,1,4.0,0,8,1,0,0,0,0,0,0,0,0,0,93,1,1,2.5,0,4,7,0,0,0,0,0,0,0,0,0
92,9,0,0,0,0,3.0,1,0,0,0,0,0,0,0,0,0,0,0,37,1,0,1.0,1,0,0,0,0,0,0,0,0,0,0,0,12,0,0,4.0,0,7,0,0,0,0,0,0,0,0,0,0,60,1,0,3.5,0,1,0,0,0,0,0,0,0,0,0,0,93,0,0,1.5,1,0,0,0,0,0,0,0,0,0,0,0
93,0,83,5,1,9,9.5,0,5,2,10,10,5,1,6,1,4,5,0,50,0,9,9.0,1,0,9,10,6,5,9,2,1,10,10,0,50,1,9,9.0,1,4,3,7,8,9,4,3,4,10,4,0,91,1,9,9.5,0,9,1,1,3,7,1,2,3,10,1,0,100,1,9,9.0,1,5,7,7,10,1,5,3,1,2,3,0
93,1,61,5,1,8,8.5,1,2,10,10,5,1,6,1,4,5,0,0,50,0,8,8.0,1,0,10,6,5,9,2,1,10,10,0,0,50,1,8,8.0,1,3,7,8,9,4,3,4,10,4,0,0,91,0,8,8.5,1,1,1,3,7,1,2,3,10,1,0,0,100,1,8,8.0,1,7,7,10,1,5,3,1,2,3,0,0
93,2,33,5,1,7,7.5,1,0,10,5,1,6,1,4,5,0,0,0,50,0,7,7.0,1,0,6,5,9,2,1,10,10,0,0,0,43,1,7,7.5,0,7,8,9,4,3,4,10,4,0,0,0,91,1,7,7.5,1,0,3,7,1,2,3,10,1,0,0,0,100,1,7,7.0,1,7,10,1,5,3,1,2,3,0,0,0
93,3,6,0,1,6,7.0,0,0,5,1,6,1,4,5,0,0,0,0,50,0,6,6.0,1,0,5,9,2,1,10,10,0,0,0,0,43,1,6,6.5,1,8,9,4,3,4,10,4,0,0,0,0,91,1,6,6.5,1,3,7,1,2,3,10,1,0,0,0,0,100,1,6,6.0,1,10,1,5,3,1,2,3,0,0,0,0
93,4,0,0,1,5,6.0,1,0,1,6,1,4,5,0,0,0,0,0,50,0,5,5.0,1,0,9,2,1,10,10,0,0,0,0,0,34,1,5,6.0,0,9,4,3,4,10,4,0,0,0,0,0,84,1,5,6.0,0,7,1,2,3,10,1,0,0,0,0,0,100,1,5,5.0,1,0,5,3,1,2,3,0,0,0,0,0
93,5,0,0,1,4,5.5,0,0,6,1,4,5,0,0,0,0,0,0,50,0,4,4.0,1,0,2,1,10,10,0,0,0,0,0,0,34,1,4,5.0,1,0,3,4,10,4,0,0,0,0,0,0,84,0,4,5.0,1,0,2,3,10,1,0,0,0,0,0,0,100,1,4,4.0,1,0,3,1,2,3,0,0,0,0,0,0
93,6,0,0,1,3,4.5,1,0,1,4,5,0,0,0,0,0,0,0,48,0,3,3.5,0,2,1,10,10,0,0,0,0,0,0,0,31,1,3,4.5,0,3,4,10,4,0,0,0,0,0,0,0,84,0,3,4.0,1,0,3,10,1,0,0,0,0,0,0,0,100,1,3,3.0,1,0,1,2,3,0,0,0,0,0,0,0
93,7,0,0,1,2,3.5,1,0,4,5,0,0,0,0,0,0,0,0,48,0,2,2.5,1,0,10,10,0,0,0,0,0,0,0,0,27,1,2,4.0,0,4,10,4,0,0,0,0,0,0,0,0,84,0,2,3.0,1,0,10,1,0,0,0,0,0,0,0,0,100,1,2,2.0,1,0,2,3,0,0,0,0,0,0,0,0
93,8,0,0,1,1,2.5,1,0,5,0,0,0,0,0,0,0,0,0,48,0,1,1.5,1,0,10,0,0,0,0,0,0,0,0,0,27,1,1,3.0,1,0,4,0,0,0,0,0,0,0,0,0,84,0,1,2.0,1,0,1,0,0,0,0,0,0,0,0,0,98,1,1,1.5,0,2,3,0,0,0,0,0,0,0,0,0
93,9,0,0,1,0,1.5,1,0,0,0,0,0,0,0,0,0,0,0,38,0,0,1.0,0,10,0,0,0,0,0,0,0,0,0,0,23,1,0,2.5,0,4,0,0,0,0,0,0,0,0,0,0,84,1,0,1.0,1,0,0,0,0,0,0,0,0,0,0,0,98,1,0,0.5,1,0,0,0,0,0,0,0,0,0,0,0
94,0,86,10,1,9,9.0,1,4,4,3,1,4,3,6,1,3,6,0,50,1,9,9.0,1,1,2,10,8,2,6,1,6,9,4,0,41,0,9,9.5,0,9,2,8,10,5,3,6,4,9,9,0,100,0,9,9.0,1,0,5,8,6,4,1,3,10,2,9,0,100,0,9,9.0,1,0,9,10,6,2,7,6,7,5,7,0
94,1,72,6,1,8,8.5,0,4,3,1,4,3,6,1,3,6,0,0,48,1,8,8.5,0,2,10,8,2,6,1,6,9,4,0,0,39,0,8,9.0,0,2,8,10,5,3,6,4,9,9,0,0,100,0,8,8.0,1,0,8,6,4,1,3,10,2,9,0,0,100,1,8,8.0,1,0,10,6,2,7,6,7,5,7,0,0
94,2,46,3,1,7,8.0,0,3,1,4,3,6,1,3,6,0,0,0,48,1,7,7.5,1,10,8,2,6,1,6,9,4,0,0,0,39,0,7,8.0,1,0,10,5,3,6,4,9,9,0,0,0,100,0,7,7.0,1,0,6,4,1,3,10,2,9,0,0,0,90,1,7,7.5,0,10,6,2,7,6,7,5,7,0,0,0
94,3,27,3,1,6,7.0,1,1,4,3,6,1,3,6,0,0,0,0,48,0,6,6.5,1,8,2,6,1,6,9,4,0,0,0,0,39,0,6,7.0,1,0,5,3,6,4,9,9,0,0,0,0,94,0,6,6.5,0,6,4,1,3,10,2,9,0,0,0,0,84,1,6,7.0,0,6,2,7,6,7,5,7,0,0,0,0
94,4,21,0,1,5,6.5,0,0,3,6,1,3,6,0,0,0,0,0,48,0,5,5.5,1,0,6,1,6,9,4,0,0,0,0,0,34,0,5,6.5,0,5,3,6,4,9,9,0,0,0,0,0,94,0,5,5.5,1,0,1,3,10,2,9,0,0,0,0,0,82,1,5,6.5,0,2,7,6,7,5,7,0,0,0,0,0
94,5,5,0,1,4,5.5,1,0,6,1,3,6,0,0,0,0,0,0,48,0,4,4.5,1,0,1,6,9,4,0,0,0,0,0,0,31,0,4,6.0,0,3,6,4,9,9,0,0,0,0,0,0,93,0,4,5.0,0,1,3,10,2,9,0,0,0,0,0,0,82,0,4,5.5,1,7,6,7,5,7,0,0,0,0,0,0
94,6,0,0,1,3,4.5,1,0,1,3,6,0,0,0,0,0,0,0,48,1,3,3.5,1,0,6,9,4,0,0,0,0,0,0,0,25,0,3,5.5,0,6,4,9,9,0,0,0,0,0,0,0,93,0,3,4.0,1,0,10,2,9,0,0,0,0,0,0,0,76,0,3,5.0,0,6,7,5,7,0,0,0,0,0,0,0
94,7,0,0,1,2,4.0,0,0,3,6,0,0,0,0,0,0,0,0,48,1,2,2.5,1,0,9,4,0,0,0,0,0,0,0,0,25,0,2,4.5,1,0,9,9,0,0,0,0,0,0,0,0,93,0,2,3.0,1,0,2,9,0,0,0,0,0,0,0,0,76,0,2,4.0,1,0,5,7,0,0,0,0,0,0,0,0
94,8,0,0,1,1,3.0,1,0,6,0,0,0,0,0,0,0,0,0,39,1,1,2.0,0,9,4,0,0,0,0,0,0,0,0,0,25,1,1,3.5,1,0,9,0,0,0,0,0,0,0,0,0,93,1,1,2.0,1,0,9,0,0,0,0,0,0,0,0,0,76,1,1,3.0,1,0,7,0,0,0,0,0,0,0,0,0
94,9,0,0,1,0,2.5,0,0,0,0,0,0,0,0,0,0,0,0,39,1,0,1.0,1,0,0,0,0,0,0,0,0,0,0,0,16,1,0,3.0,0,9,0,0,0,0,0,0,0,0,0,0,93,1,0,1.0,1,0,0,0,0,0,0,0,0,0,0,0,76,1,0,2.0,1,0,0,0,0,0,0,0,0,0,0,0
95,0,79,10,1,9,9.0,1,8,9,4,4,10,3,5,8,10,8,0,50,0,9,9.0,1,0,1,10,1,3,7,4,3,2,6,0,47,1,9,9.5,0,3,10,1,5,6,8,3,3,2,2,0,100,1,9,9.0,1,6,7,1,2,3,7,9,1,6,3,0,92,1,9,9.5,0,8,5,10,10,10,1,3,2,6,4,0
95,1,52,10,1,8,8.0,1,9,4,4,10,3,5,8,10,8,0,0,50,0,8,8.0,1,0,10,1,3,7,4,3,2,6,0,0,47,1,8,8.5,1,10,1,5,6,8,3,3,2,2,0,0,100,1,8,8.0,1,7,1,2,3,7,9,1,6,3,0,0,87,1,8,9.0,0,5,10,10,10,1,3,2,6,4,0,0
95,2,36,10,1,7,7.0,1,4,4,10,3,5,8,10,8,0,0,0,40,0,7,7.5,0,10,1,3,7,4,3,2,6,0,0,0,47,1,7,7.5,1,1,5,6,8,3,3,2,2,0,0,0,100,1,7,7.0,1,1,2,3,7,9,1,6,3,0,0,0,87,1,7,8.0,1,10,10,10,1,3,2,6,4,0,0,0
95,3,29,10,1,6,6.0,1,4,10,3,5,8,10,8,0,0,0,0,40,0,6,6.5,1,0,3,7,4,3,2,6,0,0,0,0,42,1,6,7.0,0,5,6,8,3,3,2,2,0,0,0,0,100,1,6,6.0,1,2,3,7,9,1,6,3,0,0,0,0,77,0,6,7.5,0,10,10,1,3,2,6,4,0,0,0,0
95,4,9,10,1,5,5.0,1,10,3,5,8,10,8,0,0,0,0,0,37,0,5,6.0,0,3,7,4,3,2,6,0,0,0,0,0,36,1,5,6.5,0,6,8,3,3,2,2,0,0,0,0,0,97,1,5,5.5,0,3,7,9,1,6,3,0,0,0,0,0,77,0,5,6.5,1,0,1,3,2,6,4,0,0,0,0,0
95,5,0,10,1,4,4.0,1,3,5,8,10,8,0,0,0,0,0,0,30,1,4,5.5,0,7,4,3,2,6,0,0,0,0,0,0,28,1,4,6.0,0,8,3,3,2,2,0,0,0,0,0,0,97,0,4,4.5,1,0,9,1,6,3,0,0,0,0,0,0,77,0,4,5.5,1,0,3,2,6,4,0,0,0,0,0,0
95,6,0,10,1,3,3.0,1,0,8,10,8,0,0,0,0,0,0,0,30,1,3,4.5,1,0,3,2,6,0,0,0,0,0,0,0,28,0,3,5.0,1,0,3,2,2,0,0,0,0,0,0,0,97,1,3,3.5,1,0,1,6,3,0,0,0,0,0,0,0,77,0,3,4.5,1,0,2,6,4,0,0,0,0,0,0,0
95,7,0,10,1,2,2.0,1,0,10,8,0,0,0,0,0,0,0,0,27,1,2,4.0,0,3,2,6,0,0,0,0,0,0,0,0,28,0,2,4.0,1,0,2,2,0,0,0,0,0,0,0,0,96,1,2,3.0,0,1,6,3,0,0,0,0,0,0,0,0,77,0,2,3.5,1,0,6,4,0,0,0,0,0,0,0,0
95,8,0,10,1,1,1.0,1,0,8,0,0,0,0,0,0,0,0,0,27,1,1,3.0,1,0,6,0,0,0,0,0,0,0,0,0,28,0,1,3.0,1,0,2,0,0,0,0,0,0,0,0,0,90,1,1,2.5,0,6,3,0,0,0,0,0,0,0,0,0,77,1,1,2.5,1,0,4,0,0,0,0,0,0,0,0,0
95,9,0,10,1,0,0.0,1,0,0,0,0,0,0,0,0,0,0,0,27,1,0,2.0,1,0,0,0,0,0,0,0,0,0,0,0,26,0,0,2.5,0,2,0,0,0,0,0,0,0,0,0,0,90,1,0,1.5,1,0,0,0,0,0,0,0,0,0,0,0,77,1,0,1.5,1,0,0,0,0,0,0,0,0,0,0,0
96,0,79,3,1,9,9.5,0,7,3,6,9,9,3,9,6,2,10,0,42,0,9,9.5,0,8,8,1,8,5,7,5,9,2,3,0,50,0,9,9.0,1,3,5,6,4,5,10,10,8,8,3,0,100,0,9,9.0,1,0,3,1,7,7,10,9,2,10,2,0,100,1,9,9.0,1,8,6,3,5,6,9,8,3,2,3,0
96,1,65,3,1,8,8.5,1,3,6,9,9,3,9,6,2,10,0,0,42,0,8,8.5,1,0,1,8,5,7,5,9,2,3,0,0,45,0,8,8.5,0,5,6,4,5,10,10,8,8,3,0,0,100,1,8,8.0,1,0,1,7,7,10,9,2,10,2,0,0,94,1,8,8.5,0,6,3,5,6,9,8,3,2,3,0,0
96,2,64,0,0,7,8.0,0,0,9,9,3,9,6,2,10,0,0,0,41,0,7,8.0,0,1,8,5,7,5,9,2,3,0,0,0,39,0,7,8.0,0,6,4,5,10,10,8,8,3,0,0,0,100,1,7,7.0,1,1,7,7,10,9,2,10,2,0,0,0,91,1,7,8.0,0,3,5,6,9,8,3,2,3,0,0,0
96,3,40,0,0,6,7.5,0,0,9,3,9,6,2,10,0,0,0,0,41,0,6,7.0,1,0,5,7,5,9,2,3,0,0,0,0,39,0,6,7.0,1,0,5,10,10,8,8,3,0,0,0,0,100,1,6,6.0,1,7,7,10,9,2,10,2,0,0,0,0,91,1,6,7.0,1,5,6,9,8,3,2,3,0,0,0,0
96,4,15,0,0,5,6.5,1,0,3,9,6,2,10,0,0,0,0,0,41,0,5,6.0,1,0,7,5,9,2,3,0,0,0,0,0,39,0,5,6.0,1,0,10,10,8,8,3,0,0,0,0,0,93,1,5,5.5,0,7,10,9,2,10,2,0,0,0,0,0,91,1,5,6.0,1,6,9,8,3,2,3,0,0,0,0,0
96,5,0,0,0,4,5.5,1,0,9,6,2,10,0,0,0,0,0,0,41,0,4,5.0,1,0,5,9,2,3,0,0,0,0,0,0,39,0,4,5.0,1,0,10,8,8,3,0,0,0,0,0,0,83,1,4,5.0,0,10,9,2,10,2,0,0,0,0,0,0,91,1,4,5.0,1,0,8,3,2,3,0,0,0,0,0,0
96,6,0,0,1,3,4.5,1,0,6,2,10,0,0,0,0,0,0,0,41,0,3,4.0,1,0,9,2,3,0,0,0,0,0,0,0,39,0,3,4.0,1,0,8,8,3,0,0,0,0,0,0,0,74,1,3,4.5,0,9,2,10,2,0,0,0,0,0,0,0,91,1,3,4.0,1,0,3,2,3,0,0,0,0,0,0,0
96,7,0,0,1,2,3.5,1,0,2,10,0,0,0,0,0,0,0,0,41,0,2,3.0,1,0,2,3,0,0,0,0,0,0,0,0,39,0,2,3.0,1,0,8,3,0,0,0,0,0,0,0,0,74,1,2,3.5,1,0,10,2,0,0,0,0,0,0,0,0,91,1,2,3.0,1,0,2,3,0,0,0,0,0,0,0,0
96,8,0,0,1,1,2.5,1,0,10,0,0,0,0,0,0,0,0,0,41,0,1,2.0,1,0,3,0,0,0,0,0,0,0,0,0,31,0,1,2.5,0,8,3,0,0,0,0,0,0,0,0,0,74,1,1,2.5,1,0,2,0,0,0,0,0,0,0,0,0,91,1,1,2.0,1,0,3,0,0,0,0,0,0,0,0,0
96,9,0,0,1,0,1.5,1,0,0,0,0,0,0,0,0,0,0,0,38,0,0,1.5,0,3,0,0,0,0,0,0,0,0,0,0,31,0,0,1.5,1,0,0,0,0,0,0,0,0,0,0,0,74,1,0,1.5,1,0,0,0,0,0,0,0,0,0,0,0,88,1,0,1.5,0,3,0,0,0,0,0,0,0,0,0,0
97,0,86,3,1,9,9.5,0,7,6,8,6,9,7,9,7,6,5,0,50,1,9,9.0,1,2,2,6,9,9,2,10,6,4,8,0,41,1,9,9.5,0,9,8,7,6,4,2,5,7,7,7,0,100,0,9,9.0,1,0,1,4,8,4,6,2,2,7,7,0,100,1,9,9.0,1,0,9,8,5,9,4,5,3,5,6,0
97,1,61,3,1,8,8.5,1,0,8,6,9,7,9,7,6,5,0,0,50,1,8,8.0,1,2,6,9,9,2,10,6,4,8,0,0,41,1,8,8.5,1,8,7,6,4,2,5,7,7,7,0,0,99,0,8,8.5,0,1,4,8,4,6,2,2,7,7,0,0,100,1,8,8.0,1,9,8,5,9,4,5,3,5,6,0,0
97,2,28,3,1,7,7.5,1,0,6,9,7,9,7,6,5,0,0,0,50,1,7,7.0,1,6,9,9,2,10,6,4,8,0,0,0,41,1,7,7.5,1,7,6,4,2,5,7,7,7,0,0,0,99,1,7,7.5,1,0,8,4,6,2,2,7,7,0,0,0,100,1,7,7.0,1,8,5,9,4,5,3,5,6,0,0,0
97,3,13,3,1,6,6.5,1,0,9,7,9,7,6,5,0,0,0,0,50,1,6,6.0,1,9,9,2,10,6,4,8,0,0,0,0,35,0,6,7.0,0,6,4,2,5,7,7,7,0,0,0,0,91,1,6,7.0,0,8,4,6,2,2,7,7,0,0,0,0,95,1,6,6.5,0,5,9,4,5,3,5,6,0,0,0,0
97,4,0,3,1,5,5.5,1,0,7,9,7,6,5,0,0,0,0,0,50,1,5,5.0,1,0,2,10,6,4,8,0,0,0,0,0,31,0,5,6.5,0,4,2,5,7,7,7,0,0,0,0,0,91,1,5,6.0,1,0,6,2,2,7,7,0,0,0,0,0,95,1,5,5.5,1,0,4,5,3,5,6,0,0,0,0,0
97,5,0,3,1,4,4.5,1,0,9,7,6,5,0,0,0,0,0,0,48,1,4,4.5,0,2,10,6,4,8,0,0,0,0,0,0,29,0,4,6.0,0,2,5,7,7,7,0,0,0,0,0,0,85,1,4,5.5,0,6,2,2,7,7,0,0,0,0,0,0,95,1,4,4.5,1,0,5,3,5,6,0,0,0,0,0,0
97,6,0,3,1,3,3.5,1,0,7,6,5,0,0,0,0,0,0,0,48,1,3,3.5,1,0,6,4,8,0,0,0,0,0,0,0,24,0,3,5.5,0,5,7,7,7,0,0,0,0,0,0,0,85,1,3,4.5,1,0,2,7,7,0,0,0,0,0,0,0,95,1,3,3.5,1,0,3,5,6,0,0,0,0,0,0,0
97,7,0,3,1,2,2.5,1,0,6,5,0,0,0,0,0,0,0,0,48,1,2,2.5,1,0,4,8,0,0,0,0,0,0,0,0,24,0,2,4.5,1,0,7,7,0,0,0,0,0,0,0,0,85,1,2,3.5,1,0,7,7,0,0,0,0,0,0,0,0,95,1,2,2.5,1,0,5,6,0,0,0,0,0,0,0,0
97,8,0,3,1,1,1.5,1,0,5,0,0,0,0,0,0,0,0,0,44,1,1,2.0,0,4,8,0,0,0,0,0,0,0,0,0,17,0,1,4.0,0,7,7,0,0,0,0,0,0,0,0,0,85,1,1,2.5,1,0,7,0,0,0,0,0,0,0,0,0,90,1,1,2.0,0,5,6,0,0,0,0,0,0,0,0,0
97,9,0,3,1,0,0.5,1,0,0,0,0,0,0,0,0,0,0,0,36,1,0,1.5,0,8,0,0,0,0,0,0,0,0,0,0,10,0,0,3.5,0,7,0,0,0,0,0,0,0,0,0,0,85,1,0,1.5,1,0,0,0,0,0,0,0,0,0,0,0,90,1,0,1.0,1,0,0,0,0,0,0,0,0,0,0,0
98,0,81,9,0,9,9.5,0,1,9,4,7,10,8,8,1,2,6,0,50,1,9,9.0,1,2,2,9,10,10,5,1,1,1,7,0,41,1,9,9.5,0,9,4,2,4,2,6,5,2,10,9,0,100,0,9,9.0,1,0,1,3,7,1,9,2,6,9,9,0,100,1,9,9.0,1,0,6,6,9,4,5,9,1,2,10,0
98,1,63,9,0,8,8.5,1,0,4,7,10,8,8,1,2,6,0,0,50,1,8,8.0,1,2,9,10,10,5,1,1,1,7,0,0,37,1,8,9.0,0,4,2,4,2,6,5,2,10,9,0,0,100,0,8,8.0,1,0,3,7,1,9,2,6,9,9,0,0,100,1,8,8.0,1,6,6,9,4,5,9,1,2,10,0,0
98,2,50,9,0,7,7.5,1,0,7,10,8,8,1,2,6,0,0,0,50,1,7,7.0,1,9,10,10,5,1,1,1,7,0,0,0,35,1,7,8.5,0,2,4,2,6,5,2,10,9,0,0,0,97,1,7,7.5,0,3,7,1,9,2,6,9,9,0,0,0,94,1,7,7.5,0,6,9,4,5,9,1,2,10,0,0,0
98,3,34,9,0,6,6.5,1,0,10,8,8,1,2,6,0,0,0,0,40,1,6,6.5,0,10,10,5,1,1,1,7,0,0,0,0,31,1,6,8.0,0,4,2,6,5,2,10,9,0,0,0,0,90,1,6,7.0,0,7,1,9,2,6,9,9,0,0,0,0,94,1,6,6.5,1,9,4,5,9,1,2,10,0,0,0,0
98,4,17,0,1,5,6.0,0,0,8,8,1,2,6,0,0,0,0,0,40,1,5,5.5,1,10,5,1,1,1,7,0,0,0,0,0,31,1,5,7.0,1,2,6,5,2,10,9,0,0,0,0,0,90,1,5,6.0,1,1,9,2,6,9,9,0,0,0,0,0,94,1,5,5.5,1,4,5,9,1,2,10,0,0,0,0,0
98,5,0,0,1,4,5.0,1,0,8,1,2,6,0,0,0,0,0,0,40,0,4,4.5,1,5,1,1,1,7,0,0,0,0,0,0,25,1,4,6.5,0,6,5,2,10,9,0,0,0,0,0,0,90,1,4,5.0,1,0,2,6,9,9,0,0,0,0,0,0,94,1,4,4.5,1,0,9,1,2,10,0,0,0,0,0,0
98,6,0,0,1,3,4.5,0,0,1,2,6,0,0,0,0,0,0,0,40,0,3,3.5,1,0,1,1,7,0,0,0,0,0,0,0,25,1,3,5.5,1,0,2,10,9,0,0,0,0,0,0,0,88,0,3,4.5,0,2,6,9,9,0,0,0,0,0,0,0,94,1,3,3.5,1,0,1,2,10,0,0,0,0,0,0,0
98,7,0,0,1,2,3.5,1,0,2,6,0,0,0,0,0,0,0,0,40,0,2,2.5,1,0,1,7,0,0,0,0,0,0,0,0,23,1,2,5.0,0,2,10,9,0,0,0,0,0,0,0,0,82,0,2,4.0,0,6,9,9,0,0,0,0,0,0,0,0,94,1,2,2.5,1,0,2,10,0,0,0,0,0,0,0,0
98,8,0,0,1,1,3.0,0,0,6,0,0,0,0,0,0,0,0,0,39,0,1,2.0,0,1,7,0,0,0,0,0,0,0,0,0,13,1,1,4.5,0,10,9,0,0,0,0,0,0,0,0,0,82,0,1,3.0,1,0,9,0,0,0,0,0,0,0,0,0,94,1,1,1.5,1,0,10,0,0,0,0,0,0,0,0,0
98,9,0,0,1,0,2.0,1,0,0,0,0,0,0,0,0,0,0,0,39,0,0,1.0,1,0,0,0,0,0,0,0,0,0,0,0,13,1,0,3.5,1,0,0,0,0,0,0,0,0,0,0,0,73,0,0,2.5,0,9,0,0,0,0,0,0,0,0,0,0,94,1,0,0.5,1,0,0,0,0,0,0,0,0,0,0,0
99,0,88,3,1,9,9.5,0,7,4,1,9,1,10,4,7,7,8,0,50,1,9,9.0,1,2,6,6,2,5,8,5,2,9,4,0,48,1,9,9.5,0,2,9,9,3,1,3,6,6,4,1,0,95,0,9,9.5,0,5,8,3,5,7,4,7,1,3,4,0,100,1,9,9.0,1,10,6,9,8,2,2,8,6,8,8,0
99,1,72,3,1,8,8.5,1,0,1,9,1,10,4,7,7,8,0,0,50,1,8,8.0,1,6,6,2,5,8,5,2,9,4,0,0,39,1,8,9.0,0,9,9,3,1,3,6,6,4,1,0,0,87,0,8,9.0,0,8,3,5,7,4,7,1,3,4,0,0,100,1,8,8.0,1,6,9,8,2,2,8,6,8,8,0,0
99,2,53,3,1,7,7.5,1,1,9,1,10,4,7,7,8,0,0,0,50,1,7,7.0,1,6,2,5,8,5,2,9,4,0,0,0,30,1,7,8.5,0,9,3,1,3,6,6,4,1,0,0,0,87,0,7,8.0,1,0,5,7,4,7,1,3,4,0,0,0,100,1,7,7.0,1,9,8,2,2,8,6,8,8,0,0,0
99,3,34,3,1,6,6.5,1,0,1,10,4,7,7,8,0,0,0,0,50,1,6,6.0,1,2,5,8,5,2,9,4,0,0,0,0,27,1,6,8.0,0,3,1,3,6,6,4,1,0,0,0,0,82,0,6,7.5,0,5,7,4,7,1,3,4,0,0,0,0,100,1,6,6.0,1,8,2,2,8,6,8,8,0,0,0,0
99,4,19,3,1,5,5.5,1,1,10,4,7,7,8,0,0,0,0,0,50,1,5,5.0,1,5,8,5,2,9,4,0,0,0,0,0,26,1,5,7.5,0,1,3,6,6,4,1,0,0,0,0,0,82,0,5,6.5,1,0,4,7,1,3,4,0,0,0,0,0,100,1,5,5.0,1,2,2,8,6,8,8,0,0,0,0,0
99,5,0,3,1,4,4.5,1,0,4,7,7,8,0,0,0,0,0,0,50,1,4,4.0,1,8,5,2,9,4,0,0,0,0,0,0,23,1,4,7.0,0,3,6,6,4,1,0,0,0,0,0,0,82,0,4,5.5,1,0,7,1,3,4,0,0,0,0,0,0,98,1,4,4.5,0,2,8,6,8,8,0,0,0,0,0,0
99,6,0,3,1,3,3.5,1,0,7,7,8,0,0,0,0,0,0,0,50,1,3,3.0,1,0,2,9,4,0,0,0,0,0,0,0,17,1,3,6.5,0,6,6,4,1,0,0,0,0,0,0,0,82,0,3,4.5,1,0,1,3,4,0,0,0,0,0,0,0,98,1,3,3.5,1,0,6,8,8,0,0,0,0,0,0,0
99,7,0,3,1,2,2.5,1,0,7,8,0,0,0,0,0,0,0,0,50,1,2,2.0,1,0,9,4,0,0,0,0,0,0,0,0,17,1,2,5.5,1,0,4,1,0,0,0,0,0,0,0,0,81,0,2,4.0,0,1,3,4,0,0,0,0,0,0,0,0,98,1,2,2.5,1,0,8,8,0,0,0,0,0,0,0,0
99,8,0,3,1,1,1.5,1,0,8,0,0,0,0,0,0,0,0,0,41,1,1,1.5,0,9,4,0,0,0,0,0,0,0,0,0,13,1,1,5.0,0,4,1,0,0,0,0,0,0,0,0,0,78,0,1,3.5,0,3,4,0,0,0,0,0,0,0,0,0,90,1,1,2.0,0,8,8,0,0,0,0,0,0,0,0,0
99,9,0,0,1,0,1.0,0,0,0,0,0,0,0,0,0,0,0,0,41,1,0,0.5,1,0,0,0,0,0,0,0,0,0,0,0,12,0,0,4.5,0,1,0,0,0,0,0,0,0,0,0,0,78,0,0,2.5,1,0,0,0,0,0,0,0,0,0,0,0,90,1,0,1.0,1,0,0,0,0,0,0,0,0,0,0,0
100,0,86,10,1,9,9.0,1,3,10,4,10,4,3,8,9,10,1,0,50,1,9,9.0,1,1,6,9,4,3,9,4,1,7,9,0,40,0,9,9.5,0,10,8,5,8,10,8,5,7,3,6,0,100,1,9,9.0,1,4,7,3,10,4,2,2,3,4,7,0,100,0,9,9.0,1,6,3,10,3,10,3,5,4,9,1,0
100,1,70,0,1,8,8.5,0,10,4,10,4,3,8,9,10,1,0,0,50,1,8,8.0,1,6,9,4,3,9,4,1,7,9,0,0,32,0,8,9.0,0,8,5,8,10,8,5,7,3,6,0,0,100,1,8,8.0,1,7,3,10,4,2,2,3,4,7,0,0,100,0,8,8.0,1,0,10,3,10,3,5,4,9,1,0,0
100,2,52,0,1,7,7.5,1,0,10,4,3,8,9,10,1,0,0,0,50,1,7,7.0,1,9,4,3,9,4,1,7,9,0,0,0,32,0,7,8.0,1,0,8,10,8,5,7,3,6,0,0,0,97,1,7,7.5,0,3,10,4,2,2,3,4,7,0,0,0,90,0,7,7.5,0,10,3,10,3,5,4,9,1,0,0,0
100,3,45,0,1,6,7.0,0,0,4,3,8,9,10,1,0,0,0,0,50,1,6,6.0,1,4,3,9,4,1,7,9,0,0,0,0,24,0,6,7.5,0,8,10,8,5,7,3,6,0,0,0,0,87,1,6,7.0,0,10,4,2,2,3,4,7,0,0,0,0,90,0,6,6.5,1,0,10,3,5,4,9,1,0,0,0,0
100,4,37,0,1,5,6.0,1,0,3,8,9,10,1,0,0,0,0,0,47,1,5,5.5,0,3,9,4,1,7,9,0,0,0,0,0,14,0,5,7.0,0,10,8,5,7,3,6,0,0,0,0,0,87,1,5,6.0,1,4,2,2,3,4,7,0,0,0,0,0,80,0,5,6.0,0,10,3,5,4,9,1,0,0,0,0,0
100,5,23,0,1,4,5.5,0,0,8,9,10,1,0,0,0,0,0,0,47,1,4,4.5,1,9,4,1,7,9,0,0,0,0,0,0,6,0,4,6.5,0,8,5,7,3,6,0,0,0,0,0,0,87,0,4,5.0,1,2,2,3,4,7,0,0,0,0,0,0,80,0,4,5.0,1,0,5,4,9,1,0,0,0,0,0,0
100,6,9,0,1,3,4.5,1,0,9,10,1,0,0,0,0,0,0,0,47,1,3,3.5,1,4,1,7,9,0,0,0,0,0,0,0,1,0,3,6.0,0,5,7,3,6,0,0,0,0,0,0,0,87,0,3,4.0,1,0,3,4,7,0,0,0,0,0,0,0,75,0,3,4.5,0,5,4,9,1,0,0,0,0,0,0,0
100,7,0,0,1,2,3.5,1,0,10,1,0,0,0,0,0,0,0,0,47,1,2,2.5,1,0,7,9,0,0,0,0,0,0,0,0,1,0,2,5.0,1,0,3,6,0,0,0,0,0,0,0,0,87,0,2,3.0,1,0,4,7,0,0,0,0,0,0,0,0,71,0,2,4.0,0,4,9,1,0,0,0,0,0,0,0,0
100,8,0,0,1,1,2.5,1,0,1,0,0,0,0,0,0,0,0,0,47,1,1,1.5,1,0,9,0,0,0,0,0,0,0,0,0,1,0,1,4.0,1,0,6,0,0,0,0,0,0,0,0,0,87,0,1,2.0,1,0,7,0,0,0,0,0,0,0,0,0,62,1,1,3.5,0,9,1,0,0,0,0,0,0,0,0,0
100,9,0,0,1,0,1.5,1,0,0,0,0,0,0,0,0,0,0,0,47,1,0,0.5,1,0,0,0,0,0,0,0,0,0,0,0,0,0,0,3.5,0,0,0,0,0,0,0,0,0,0,0,0,87,1,0,1.0,1,0,0,0,0,0,0,0,0,0,0,0,62,1,0,2.5,1,0,0,0,0,0,0,0,0,0,0,0
101,0,91,10,1,9,9.0,1,6,9,6,7,2,10,5,9,10,6,0,42,0,9,9.5,0,8,6,3,1,4,9,7,8,1,8,0,42,0,9,9.5,0,8,7,2,1,4,2,5,5,9,6,0,100,1,9,9.0,1,3,10,7,8,9,3,2,4,8,3,0,90,0,9,9.5,0,10,1,7,9,2,6,10,1,8,2,0
101,1,71,10,1,8,8.0,1,9,6,7,2,10,5,9,10,6,0,0,36,0,8,9.0,0,6,3,1,4,9,7,8,1,8,0,0,35,0,8,9.0,0,7,2,1,4,2,5,5,9,6,0,0,100,1,8,8.0,1,10,7,8,9,3,2,4,8,3,0,0,90,0,8,8.5,1,0,7,9,2,6,10,1,8,2,0,0
101,2,55,4,1,7,7.5,0,6,7,2,10,5,9,10,6,0,0,0,33,0,7,8.5,0,3,1,4,9,7,8,1,8,0,0,0,35,1,7,8.0,1,0,1,4,2,5,5,9,6,0,0,0,100,1,7,7.0,1,7,8,9,3,2,4,8,3,0,0,0,90,0,7,7.5,1,0,9,2,6,10,1,8,2,0,0,0
101,3,40,4,1,6,6.5,1,0,2,10,5,9,10,6,0,0,0,0,32,0,6,8.0,0,1,4,9,7,8,1,8,0,0,0,0,34,1,6,7.5,0,1,4,2,5,5,9,6,0,0,0,0,100,1,6,6.0,1,8,9,3,2,4,8,3,0,0,0,0,81,0,6,7.0,0,9,2,6,10,1,8,2,0,0,0,0
101,4,21,4,1,5,5.5,1,2,10,5,9,10,6,0,0,0,0,0,32,0,5,7.0,1,0,9,7,8,1,8,0,0,0,0,0,34,1,5,6.5,1,4,2,5,5,9,6,0,0,0,0,0,100,0,5,5.0,1,9,3,2,4,8,3,0,0,0,0,0,79,0,5,6.5,0,2,6,10,1,8,2,0,0,0,0,0
101,5,0,4,1,4,4.5,1,0,5,9,10,6,0,0,0,0,0,0,23,1,4,6.5,0,9,7,8,1,8,0,0,0,0,0,0,34,1,4,5.5,1,2,5,5,9,6,0,0,0,0,0,0,100,0,4,4.0,1,0,2,4,8,3,0,0,0,0,0,0,79,0,4,5.5,1,0,10,1,8,2,0,0,0,0,0,0
101,6,0,4,1,3,3.5,1,0,9,10,6,0,0,0,0,0,0,0,23,1,3,5.5,1,0,8,1,8,0,0,0,0,0,0,0,29,0,3,5.0,0,5,5,9,6,0,0,0,0,0,0,0,100,0,3,3.0,1,0,4,8,3,0,0,0,0,0,0,0,79,0,3,4.5,1,0,1,8,2,0,0,0,0,0,0,0
101,7,0,4,1,2,2.5,1,0,10,6,0,0,0,0,0,0,0,0,15,0,2,5.0,0,8,1,8,0,0,0,0,0,0,0,0,24,0,2,4.5,0,5,9,6,0,0,0,0,0,0,0,0,96,0,2,2.5,0,4,8,3,0,0,0,0,0,0,0,0,78,0,2,4.0,0,1,8,2,0,0,0,0,0,0,0,0
101,8,0,4,1,1,1.5,1,0,6,0,0,0,0,0,0,0,0,0,15,0,1,4.0,1,0,8,0,0,0,0,0,0,0,0,0,24,0,1,3.5,1,0,6,0,0,0,0,0,0,0,0,0,96,0,1,1.5,1,0,3,0,0,0,0,0,0,0,0,0,70,0,1,3.5,0,8,2,0,0,0,0,0,0,0,0,0
101,9,0,0,1,0,1.0,0,0,0,0,0,0,0,0,0,0,0,0,7,0,0,3.5,0,8,0,0,0,0,0,0,0,0,0,0,18,0,0,3.0,0,6,0,0,0,0,0,0,0,0,0,0,96,0,0,0.5,1,0,0,0,0,0,0,0,0,0,0,0,68,1,0,3.0,0,2,0,0,0,0,0,0,0,0,0,0
102,0,90,5,0,9,9.5,0,5,3,9,5,7,4,2,9,8,2,0,50,1,9,9.0,1,5,6,1,7,5,3,5,1,3,10,0,46,0,9,9.5,0,4,5,3,3,10,6,2,3,5,8,0,100,0,9,9.0,1,0,3,3,3,4,5,7,7,6,5,0,95,0,9,9.5,0,5,3,3,5,2,1,3,1,10,10,0
102,1,87,2,0,8,9.0,0,3,9,5,7,4,2,9,8,2,0,0,44,0,8,8.5,0,6,1,7,5,3,5,1,3,10,0,0,41,0,8,9.0,0,5,3,3,10,6,2,3,5,8,0,0,100,0,8,8.0,1,0,3,3,4,5,7,7,6,5,0,0,92,0,8,9.0,0,3,3,5,2,1,3,1,10,10,0,0
102,2,75,2,0,7,8.0,1,0,5,7,4,2,9,8,2,0,0,0,43,0,7,8.0,0,1,7,5,3,5,1,3,10,0,0,0,38,0,7,8.5,0,3,3,10,6,2,3,5,8,0,0,0,97,1,7,7.5,0,3,3,4,5,7,7,6,5,0,0,0,92,0,7,8.0,1,0,5,2,1,3,1,10,10,0,0,0
102,3,67,2,0,6,7.0,1,0,7,4,2,9,8,2,0,0,0,0,36,0,6,7.5,0,7,5,3,5,1,3,10,0,0,0,0,35,1,6,8.0,0,3,10,6,2,3,5,8,0,0,0,0,97,1,6,6.5,1,3,4,5,7,7,6,5,0,0,0,0,87,0,6,7.5,0,5,2,1,3,1,10,10,0,0,0,0
102,4,61,0,0,5,6.5,0,0,4,2,9,8,2,0,0,0,0,0,31,0,5,7.0,0,5,3,5,1,3,10,0,0,0,0,0,25,1,5,7.5,0,10,6,2,3,5,8,0,0,0,0,0,97,1,5,5.5,1,4,5,7,7,6,5,0,0,0,0,0,87,0,5,6.5,1,0,1,3,1,10,10,0,0,0,0,0
102,5,54,0,0,4,5.5,1,0,2,9,8,2,0,0,0,0,0,0,31,0,4,6.0,1,0,5,1,3,10,0,0,0,0,0,0,19,1,4,7.0,0,6,2,3,5,8,0,0,0,0,0,0,92,1,4,5.0,0,5,7,7,6,5,0,0,0,0,0,0,86,0,4,6.0,0,1,3,1,10,10,0,0,0,0,0,0
102,6,52,0,0,3,4.5,1,0,9,8,2,0,0,0,0,0,0,0,26,0,3,5.5,0,5,1,3,10,0,0,0,0,0,0,0,17,1,3,6.5,0,2,3,5,8,0,0,0,0,0,0,0,85,1,3,4.5,0,7,7,6,5,0,0,0,0,0,0,0,83,0,3,5.5,0,3,1,10,10,0,0,0,0,0,0,0
102,7,35,0,0,2,3.5,1,0,8,2,0,0,0,0,0,0,0,0,25,0,2,5.0,0,1,3,10,0,0,0,0,0,0,0,0,14,1,2,6.0,0,3,5,8,0,0,0,0,0,0,0,0,85,1,2,3.5,1,7,6,5,0,0,0,0,0,0,0,0,83,0,2,4.5,1,0,10,10,0,0,0,0,0,0,0,0
102,8,16,0,0,1,2.5,1,0,2,0,0,0,0,0,0,0,0,0,22,0,1,4.5,0,3,10,0,0,0,0,0,0,0,0,0,14,1,1,5.0,1,5,8,0,0,0,0,0,0,0,0,0,85,1,1,2.5,1,6,5,0,0,0,0,0,0,0,0,0,73,0,1,4.0,0,10,10,0,0,0,0,0,0,0,0,0
102,9,0,0,0,0,1.5,1,0,0,0,0,0,0,0,0,0,0,0,12,0,0,4.0,0,10,0,0,0,0,0,0,0,0,0,0,14,1,0,4.0,1,8,0,0,0,0,0,0,0,0,0,0,80,1,0,2.0,0,5,0,0,0,0,0,0,0,0,0,0,73,0,0,3.0,1,0,0,0,0,0,0,0,0,0,0,0
103,0,85,7,1,9,9.5,0,3,8,7,3,5,6,3,5,7,10,0,41,0,9,9.5,0,9,9,2,1,10,8,7,7,7,3,0,50,0,9,9.0,1,0,7,4,10,6,4,9,6,7,1,0,100,0,9,9.0,1,9,9,5,8,3,4,2,1,6,3,0,99,1,9,9.5,0,1,6,3,4,5,1,10,5,6,6,0
103,1,77,7,1,8,8.5,1,0,7,3,5,6,3,5,7,10,0,0,32,0,8,9.0,0,9,2,1,10,8,7,7,7,3,0,0,43,0,8,8.5,0,7,4,10,6,4,9,6,7,1,0,0,91,0,8,8.5,0,9,5,8,3,4,2,1,6,3,0,0,93,1,8,9.0,0,6,3,4,5,1,10,5,6,6,0,0
103,2,73,0,1,7,8.0,0,7,3,5,6,3,5,7,10,0,0,0,30,0,7,8.5,0,2,1,10,8,7,7,7,3,0,0,0,43,0,7,7.5,1,0,10,6,4,9,6,7,1,0,0,0,86,0,7,8.0,0,5,8,3,4,2,1,6,3,0,0,0,90,1,7,8.5,0,3,4,5,1,10,5,6,6,0,0,0
103,3,69,0,1,6,7.5,0,0,5,6,3,5,7,10,0,0,0,0,29,0,6,8.0,0,1,10,8,7,7,7,3,0,0,0,0,33,1,6,7.0,0,10,6,4,9,6,7,1,0,0,0,0,78,1,6,7.5,0,8,3,4,2,1,6,3,0,0,0,0,90,1,6,7.5,1,4,5,1,10,5,6,6,0,0,0,0
103,4,50,0,1,5,6.5,1,0,6,3,5,7,10,0,0,0,0,0,19,1,5,7.5,0,10,8,7,7,7,3,0,0,0,0,0,33,1,5,6.0,1,6,4,9,6,7,1,0,0,0,0,0,78,1,5,6.5,1,3,4,2,1,6,3,0,0,0,0,0,90,1,5,6.5,1,5,1,10,5,6,6,0,0,0,0,0
103,5,36,0,1,4,5.5,1,0,3,5,7,10,0,0,0,0,0,0,11,1,4,7.0,0,8,7,7,7,3,0,0,0,0,0,0,33,1,4,5.0,1,4,9,6,7,1,0,0,0,0,0,0,78,1,4,5.5,1,4,2,1,6,3,0,0,0,0,0,0,89,1,4,6.0,0,1,10,5,6,6,0,0,0,0,0,0
103,6,27,0,1,3,5.0,0,0,5,7,10,0,0,0,0,0,0,0,11,1,3,6.0,1,7,7,7,3,0,0,0,0,0,0,0,24,1,3,4.5,0,9,6,7,1,0,0,0,0,0,0,0,78,1,3,4.5,1,2,1,6,3,0,0,0,0,0,0,0,79,0,3,5.5,0,10,5,6,6,0,0,0,0,0,0,0
103,7,26,0,0,2,4.5,0,0,7,10,0,0,0,0,0,0,0,0,4,1,2,5.5,0,7,7,3,0,0,0,0,0,0,0,0,18,0,2,4.0,0,6,7,1,0,0,0,0,0,0,0,0,78,1,2,3.5,1,1,6,3,0,0,0,0,0,0,0,0,74,0,2,5.0,0,5,6,6,0,0,0,0,0,0,0,0
103,8,0,0,0,1,3.5,1,0,10,0,0,0,0,0,0,0,0,0,4,1,1,4.5,1,0,3,0,0,0,0,0,0,0,0,0,11,1,1,3.5,0,7,1,0,0,0,0,0,0,0,0,0,78,1,1,2.5,1,6,3,0,0,0,0,0,0,0,0,0,74,0,1,4.0,1,0,6,0,0,0,0,0,0,0,0,0
103,9,0,0,0,0,3.0,0,0,0,0,0,0,0,0,0,0,0,0,1,1,0,4.0,0,3,0,0,0,0,0,0,0,0,0,0,11,1,0,2.5,1,0,0,0,0,0,0,0,0,0,0,0,75,0,0,2.0,0,3,0,0,0,0,0,0,0,0,0,0,68,0,0,3.5,0,6,0,0,0,0,0,0,0,0,0,0
104,0,89,8,0,9,9.5,0,2,10,10,10,4,8,5,1,4,4,0,50,1,9,9.0,1,8,10,5,6,9,1,8,9,10,5,0,45,0,9,9.5,0,5,6,8,1,6,2,10,4,10,4,0,100,0,9,9.0,1,0,5,2,3,5,5,1,4,7,3,0,96,1,9,9.5,0,4,5,5,7,10,9,4,7,3,6,0
104,1,78,0,0,8,9.0,0,0,10,10,4,8,5,1,4,4,0,0,40,1,8,8.5,0,10,5,6,9,1,8,9,10,5,0,0,45,0,8,8.5,1,0,8,1,6,2,10,4,10,4,0,0,100,0,8,8.0,1,0,2,3,5,5,1,4,7,3,0,0,91,0,8,9.0,0,5,5,7,10,9,4,7,3,6,0,0
104,2,58,0,0,7,8.0,1,0,10,4,8,5,1,4,4,0,0,0,35,1,7,8.0,0,5,6,9,1,8,9,10,5,0,0,0,45,0,7,7.5,1,0,1,6,2,10,4,10,4,0,0,0,100,0,7,7.0,1,0,3,5,5,1,4,7,3,0,0,0,86,0,7,8.5,0,5,7,10,9,4,7,3,6,0,0,0
104,3,51,0,1,6,7.5,0,0,4,8,5,1,4,4,0,0,0,0,29,1,6,7.5,0,6,9,1,8,9,10,5,0,0,0,0,44,0,6,7.0,0,1,6,2,10,4,10,4,0,0,0,0,97,0,6,6.5,0,3,5,5,1,4,7,3,0,0,0,0,86,0,6,7.5,1,0,10,9,4,7,3,6,0,0,0,0
104,4,36,0,1,5,7.0,0,0,8,5,1,4,4,0,0,0,0,0,20,1,5,7.0,0,9,1,8,9,10,5,0,0,0,0,0,38,0,5,6.5,0,6,2,10,4,10,4,0,0,0,0,0,97,0,5,5.5,1,0,5,1,4,7,3,0,0,0,0,0,86,0,5,6.5,1,0,9,4,7,3,6,0,0,0,0,0
104,5,28,0,1,4,6.0,1,0,5,1,4,4,0,0,0,0,0,0,19,1,4,6.5,0,1,8,9,10,5,0,0,0,0,0,0,36,1,4,6.0,0,2,10,4,10,4,0,0,0,0,0,0,92,0,4,5.0,0,5,1,4,7,3,0,0,0,0,0,0,77,0,4,6.0,0,9,4,7,3,6,0,0,0,0,0,0
104,6,9,0,1,3,5.0,1,0,1,4,4,0,0,0,0,0,0,0,11,1,3,6.0,0,8,9,10,5,0,0,0,0,0,0,0,36,1,3,5.0,1,10,4,10,4,0,0,0,0,0,0,0,91,0,3,4.5,0,1,4,7,3,0,0,0,0,0,0,0,77,0,3,5.0,1,0,7,3,6,0,0,0,0,0,0,0
104,7,2,0,1,2,4.5,0,0,4,4,0,0,0,0,0,0,0,0,2,1,2,5.5,0,9,10,5,0,0,0,0,0,0,0,0,32,1,2,4.5,0,4,10,4,0,0,0,0,0,0,0,0,87,0,2,4.0,0,4,7,3,0,0,0,0,0,0,0,0,77,0,2,4.0,1,0,3,6,0,0,0,0,0,0,0,0
104,8,0,0,1,1,4.0,0,0,4,0,0,0,0,0,0,0,0,0,2,1,1,4.5,1,0,5,0,0,0,0,0,0,0,0,0,22,1,1,4.0,0,10,4,0,0,0,0,0,0,0,0,0,87,1,1,3.0,1,0,3,0,0,0,0,0,0,0,0,0,74,0,1,3.5,0,3,6,0,0,0,0,0,0,0,0,0
104,9,0,0,1,0,3.5,0,0,0,0,0,0,0,0,0,0,0,0,2,1,0,3.5,1,0,0,0,0,0,0,0,0,0,0,0,22,1,0,3.0,1,0,0,0,0,0,0,0,0,0,0,0,87,1,0,2.0,1,0,0,0,0,0,0,0,0,0,0,0,68,0,0,3.0,0,6,0,0,0,0,0,0,0,0,0,0
105,0,77,10,0,9,9.0,1,0,8,5,10,2,7,5,2,8,9,0,43,0,9,9.5,0,7,1,8,8,7,9,9,1,7,10,0,50,0,9,9.0,1,0,7,2,8,4,4,1,4,2,8,0,94,1,9,9.5,0,6,7,2,7,2,5,9,3,3,8,0,100,1,9,9.0,1,10,7,7,1,7,7,5,9,9,8,0
105,1,70,2,0,8,8.5,0,8,5,10,2,7,5,2,8,9,0,0,42,0,8,9.0,0,1,8,8,7,9,9,1,7,10,0,0,43,0,8,8.5,0,7,2,8,4,4,1,4,2,8,0,0,94,1,8,8.5,1,7,2,7,2,5,9,3,3,8,0,0,93,1,8,8.5,0,7,7,1,7,7,5,9,9,8,0,0
105,2,68,0,0,7,8.0,0,0,10,2,7,5,2,8,9,0,0,0,34,0,7,8.5,0,8,8,7,9,9,1,7,10,0,0,0,43,0,7,7.5,1,0,8,4,4,1,4,2,8,0,0,0,92,1,7,8.0,0,2,7,2,5,9,3,3,8,0,0,0,86,1,7,8.0,0,7,1,7,7,5,9,9,8,0,0,0
105,3,52,0,0,6,7.5,0,0,2,7,5,2,8,9,0,0,0,0,34,0,6,7.5,1,0,7,9,9,1,7,10,0,0,0,0,43,0,6,6.5,1,0,4,4,1,4,2,8,0,0,0,0,85,0,6,7.5,0,7,2,5,9,3,3,8,0,0,0,0,85,1,6,7.5,0,1,7,7,5,9,9,8,0,0,0,0
105,4,50,0,0,5,7.0,0,0,7,5,2,8,9,0,0,0,0,0,27,0,5,7.0,0,7,9,9,1,7,10,0,0,0,0,0,39,1,5,6.0,0,4,4,1,4,2,8,0,0,0,0,0,85,0,5,6.5,1,0,5,9,3,3,8,0,0,0,0,0,78,1,5,7.0,0,7,7,5,9,9,8,0,0,0,0,0
105,5,38,0,0,4,6.0,1,0,5,2,8,9,0,0,0,0,0,0,18,0,4,6.5,0,9,9,1,7,10,0,0,0,0,0,0,35,1,4,5.5,0,4,1,4,2,8,0,0,0,0,0,0,85,0,4,5.5,1,0,9,3,3,8,0,0,0,0,0,0,71,0,4,6.5,0,7,5,9,9,8,0,0,0,0,0,0
105,6,28,0,0,3,5.5,0,0,2,8,9,0,0,0,0,0,0,0,18,0,3,5.5,1,0,1,7,10,0,0,0,0,0,0,0,35,1,3,4.5,1,1,4,2,8,0,0,0,0,0,0,0,76,0,3,5.0,0,9,3,3,8,0,0,0,0,0,0,0,66,0,3,6.0,0,5,9,9,8,0,0,0,0,0,0,0
105,7,27,0,1,2,5.0,0,0,8,9,0,0,0,0,0,0,0,0,18,0,2,4.5,1,0,7,10,0,0,0,0,0,0,0,0,31,1,2,4.0,0,4,2,8,0,0,0,0,0,0,0,0,73,0,2,4.5,0,3,3,8,0,0,0,0,0,0,0,0,57,0,2,5.5,0,9,9,8,0,0,0,0,0,0,0,0
105,8,20,0,1,1,4.5,0,0,9,0,0,0,0,0,0,0,0,0,18,0,1,3.5,1,0,10,0,0,0,0,0,0,0,0,0,29,1,1,3.5,0,2,8,0,0,0,0,0,0,0,0,0,70,0,1,4.0,0,3,8,0,0,0,0,0,0,0,0,0,48,0,1,5.0,0,9,8,0,0,0,0,0,0,0,0,0
105,9,4,0,1,0,4.0,0,0,0,0,0,0,0,0,0,0,0,0,8,0,0,3.0,0,10,0,0,0,0,0,0,0,0,0,0,21,1,0,3.0,0,8,0,0,0,0,0,0,0,0,0,0,70,0,0,3.0,1,0,0,0,0,0,0,0,0,0,0,0,48,0,0,4.0,1,0,0,0,0,0,0,0,0,0,0,0
106,0,92,7,1,9,9.5,0,3,2,1,7,4,4,3,3,9,7,0,45,0,9,9.5,0,5,10,1,3,8,5,8,4,1,10,0,50,1,9,9.0,1,8,7,7,7,3,6,2,5,7,2,0,97,0,9,9.5,0,3,10,5,2,1,4,6,10,8,10,0,92,1,9,9.5,0,8,6,1,1,2,2,4,10,2,1,0
106,1,92,5,1,8,9.0,0,2,1,7,4,4,3,3,9,7,0,0,35,0,8,9.0,0,10,1,3,8,5,8,4,1,10,0,0,43,1,8,8.5,0,7,7,7,3,6,2,5,7,2,0,0,87,0,8,9.0,0,10,5,2,1,4,6,10,8,10,0,0,86,1,8,9.0,0,6,1,1,2,2,4,10,2,1,0,0
106,2,92,4,1,7,8.5,0,1,7,4,4,3,3,9,7,0,0,0,34,0,7,8.5,0,1,3,8,5,8,4,1,10,0,0,0,36,1,7,8.0,0,7,7,3,6,2,5,7,2,0,0,0,82,0,7,8.5,0,5,2,1,4,6,10,8,10,0,0,0,85,1,7,8.5,0,1,1,2,2,4,10,2,1,0,0,0
106,3,92,0,1,6,8.0,0,0,4,4,3,3,9,7,0,0,0,0,31,1,6,8.0,0,3,8,5,8,4,1,10,0,0,0,0,29,1,6,7.5,0,7,3,6,2,5,7,2,0,0,0,0,80,0,6,8.0,0,2,1,4,6,10,8,10,0,0,0,0,84,1,6,8.0,0,1,2,2,4,10,2,1,0,0,0,0
106,4,84,0,1,5,7.5,0,0,4,3,3,9,7,0,0,0,0,0,31,1,5,7.0,1,8,5,8,4,1,10,0,0,0,0,0,26,1,5,7.0,0,3,6,2,5,7,2,0,0,0,0,0,79,0,5,7.5,0,1,4,6,10,8,10,0,0,0,0,0,82,0,5,7.5,0,2,2,4,10,2,1,0,0,0,0,0
106,5,78,0,1,4,7.0,0,0,3,3,9,7,0,0,0,0,0,0,26,1,4,6.5,0,5,8,4,1,10,0,0,0,0,0,0,26,1,4,6.0,1,6,2,5,7,2,0,0,0,0,0,0,75,0,4,7.0,0,4,6,10,8,10,0,0,0,0,0,0,80,1,4,7.0,0,2,4,10,2,1,0,0,0,0,0,0
106,6,78,0,1,3,6.5,0,0,3,9,7,0,0,0,0,0,0,0,18,1,3,6.0,0,8,4,1,10,0,0,0,0,0,0,0,24,1,3,5.5,0,2,5,7,2,0,0,0,0,0,0,0,69,0,3,6.5,0,6,10,8,10,0,0,0,0,0,0,0,76,1,3,6.5,0,4,10,2,1,0,0,0,0,0,0,0
106,7,63,0,1,2,6.0,0,0,9,7,0,0,0,0,0,0,0,0,14,1,2,5.5,0,4,1,10,0,0,0,0,0,0,0,0,24,1,2,4.5,1,5,7,2,0,0,0,0,0,0,0,0,59,0,2,6.0,0,10,8,10,0,0,0,0,0,0,0,0,76,1,2,5.5,1,10,2,1,0,0,0,0,0,0,0,0
106,8,45,0,1,1,5.0,1,0,7,0,0,0,0,0,0,0,0,0,14,1,1,4.5,1,1,10,0,0,0,0,0,0,0,0,0,17,1,1,4.0,0,7,2,0,0,0,0,0,0,0,0,0,59,1,1,5.0,1,0,10,0,0,0,0,0,0,0,0,0,74,0,1,5.0,0,2,1,0,0,0,0,0,0,0,0,0
106,9,33,0,1,0,4.5,0,0,0,0,0,0,0,0,0,0,0,0,14,1,0,3.5,1,10,0,0,0,0,0,0,0,0,0,0,17,1,0,3.0,1,2,0,0,0,0,0,0,0,0,0,0,49,1,0,4.5,0,10,0,0,0,0,0,0,0,0,0,0,73,0,0,4.5,0,1,0,0,0,0,0,0,0,0,0,0
107,0,98,10,0,9,9.0,1,0,1,9,5,9,8,5,1,7,10,0,44,0,9,9.5,0,6,7,4,7,4,4,6,3,3,5,0,44,0,9,9.5,0,6,5,1,3,6,4,2,2,6,1,0,97,1,9,9.5,0,3,10,5,1,5,7,7,6,6,6,0,97,0,9,9.5,0,3,10,8,3,6,10,6,1,2,10,0
107,1,98,9,0,8,8.5,0,1,9,5,9,8,5,1,7,10,0,0,37,0,8,9.0,0,7,4,7,4,4,6,3,3,5,0,0,39,0,8,9.0,0,5,1,3,6,4,2,2,6,1,0,0,87,1,8,9.0,0,10,5,1,5,7,7,6,6,6,0,0,87,0,8,9.0,0,10,8,3,6,10,6,1,2,10,0,0
107,2,93,0,0,7,8.0,0,9,5,9,8,5,1,7,10,0,0,0,33,0,7,8.5,0,4,7,4,4,6,3,3,5,0,0,0,38,1,7,8.5,0,1,3,6,4,2,2,6,1,0,0,0,87,1,7,8.0,1,5,1,5,7,7,6,6,6,0,0,0,79,0,7,8.5,0,8,3,6,10,6,1,2,10,0,0,0
107,3,85,0,0,6,7.5,0,0,9,8,5,1,7,10,0,0,0,0,33,0,6,7.5,1,0,4,4,6,3,3,5,0,0,0,0,35,1,6,8.0,0,3,6,4,2,2,6,1,0,0,0,0,87,1,6,7.0,1,1,5,7,7,6,6,6,0,0,0,0,76,1,6,8.0,0,3,6,10,6,1,2,10,0,0,0,0
107,4,79,0,0,5,7.0,0,0,8,5,1,7,10,0,0,0,0,0,29,0,5,7.0,0,4,4,6,3,3,5,0,0,0,0,0,35,1,5,7.0,1,6,4,2,2,6,1,0,0,0,0,0,82,1,5,6.5,0,5,7,7,6,6,6,0,0,0,0,0,70,1,5,7.5,0,6,10,6,1,2,10,0,0,0,0,0
107,5,67,0,0,4,6.0,1,0,5,1,7,10,0,0,0,0,0,0,29,0,4,6.0,1,0,6,3,3,5,0,0,0,0,0,0,31,1,4,6.5,0,4,2,2,6,1,0,0,0,0,0,0,75,1,4,6.0,0,7,7,6,6,6,0,0,0,0,0,0,60,1,4,7.0,0,10,6,1,2,10,0,0,0,0,0,0
107,6,59,0,1,3,5.5,0,0,1,7,10,0,0,0,0,0,0,0,29,0,3,5.0,1,0,3,3,5,0,0,0,0,0,0,0,31,1,3,5.5,1,2,2,6,1,0,0,0,0,0,0,0,68,0,3,5.5,0,7,6,6,6,0,0,0,0,0,0,0,54,1,3,6.5,0,6,1,2,10,0,0,0,0,0,0,0
107,7,57,0,1,2,4.5,1,0,7,10,0,0,0,0,0,0,0,0,26,0,2,4.5,0,3,3,5,0,0,0,0,0,0,0,0,29,1,2,5.0,0,2,6,1,0,0,0,0,0,0,0,0,62,0,2,5.0,0,6,6,6,0,0,0,0,0,0,0,0,54,1,2,5.5,1,1,2,10,0,0,0,0,0,0,0,0
107,8,54,0,1,1,4.0,0,0,10,0,0,0,0,0,0,0,0,0,26,1,1,3.5,1,0,5,0,0,0,0,0,0,0,0,0,23,1,1,4.5,0,6,1,0,0,0,0,0,0,0,0,0,56,0,1,4.5,0,6,6,0,0,0,0,0,0,0,0,0,52,1,1,5.0,0,2,10,0,0,0,0,0,0,0,0,0
107,9,44,0,1,0,3.5,0,0,0,0,0,0,0,0,0,0,0,0,21,1,0,3.0,0,5,0,0,0,0,0,0,0,0,0,0,22,1,0,4.0,0,1,0,0,0,0,0,0,0,0,0,0,50,1,0,4.0,0,6,0,0,0,0,0,0,0,0,0,0,52,1,0,4.0,1,10,0,0,0,0,0,0,0,0,0,0
108,0,97,2,0,9,9.5,0,8,9,8,10,3,4,5,9,2,2,0,49,1,9,9.5,0,1,1,2,9,2,2,8,3,4,10,0,47,1,9,9.5,0,3,2,1,5,8,2,2,5,1,10,0,99,1,9,9.5,0,1,1,8,9,2,6,7,7,7,5,0,100,1,9,9.0,1,0,6,2,5,9,1,10,8,10,9,0
108,1,95,0,0,8,9.0,0,0,8,10,3,4,5,9,2,2,0,0,48,1,8,9.0,0,1,2,9,2,2,8,3,4,10,0,0,47,1,8,8.5,1,2,1,5,8,2,2,5,1,10,0,0,98,1,8,9.0,0,1,8,9,2,6,7,7,7,5,0,0,94,1,8,8.5,0,6,2,5,9,1,10,8,10,9,0,0
108,2,92,0,0,7,8.5,0,0,10,3,4,5,9,2,2,0,0,0,46,1,7,8.5,0,2,9,2,2,8,3,4,10,0,0,0,47,1,7,7.5,1,1,5,8,2,2,5,1,10,0,0,0,90,1,7,8.5,0,8,9,2,6,7,7,7,5,0,0,0,94,1,7,7.5,1,2,5,9,1,10,8,10,9,0,0,0
108,3,92,0,0,6,8.0,0,0,3,4,5,9,2,2,0,0,0,0,37,1,6,8.0,0,9,2,2,8,3,4,10,0,0,0,0,42,1,6,7.0,0,5,8,2,2,5,1,10,0,0,0,0,81,1,6,8.0,0,9,2,6,7,7,7,5,0,0,0,0,89,0,6,7.0,0,5,9,1,10,8,10,9,0,0,0,0
108,4,89,0,0,5,7.0,1,0,4,5,9,2,2,0,0,0,0,0,35,1,5,7.5,0,2,2,8,3,4,10,0,0,0,0,0,34,1,5,6.5,0,8,2,2,5,1,10,0,0,0,0,0,79,1,5,7.5,0,2,6,7,7,7,5,0,0,0,0,0,80,0,5,6.5,0,9,1,10,8,10,9,0,0,0,0,0
108,5,85,0,0,4,6.0,1,0,5,9,2,2,0,0,0,0,0,0,33,1,4,7.0,0,2,8,3,4,10,0,0,0,0,0,0,32,1,4,6.0,0,2,2,5,1,10,0,0,0,0,0,0,73,1,4,7.0,0,6,7,7,7,5,0,0,0,0,0,0,79,1,4,6.0,0,1,10,8,10,9,0,0,0,0,0,0
108,6,70,0,0,3,5.5,0,0,9,2,2,0,0,0,0,0,0,0,33,1,3,6.0,1,8,3,4,10,0,0,0,0,0,0,0,30,1,3,5.5,0,2,5,1,10,0,0,0,0,0,0,0,73,1,3,6.0,1,7,7,7,5,0,0,0,0,0,0,0,69,1,3,5.5,0,10,8,10,9,0,0,0,0,0,0,0
108,7,62,0,0,2,5.0,0,0,2,2,0,0,0,0,0,0,0,0,33,1,2,5.0,1,3,4,10,0,0,0,0,0,0,0,0,30,1,2,4.5,1,5,1,10,0,0,0,0,0,0,0,0,66,1,2,5.5,0,7,7,5,0,0,0,0,0,0,0,0,61,1,2,5.0,0,8,10,9,0,0,0,0,0,0,0,0
108,8,51,0,0,1,4.5,0,0,2,0,0,0,0,0,0,0,0,0,29,1,1,4.5,0,4,10,0,0,0,0,0,0,0,0,0,30,1,1,3.5,1,1,10,0,0,0,0,0,0,0,0,0,59,1,1,5.0,0,7,5,0,0,0,0,0,0,0,0,0,61,1,1,4.0,1,10,9,0,0,0,0,0,0,0,0,0
108,9,46,0,0,0,4.0,0,0,0,0,0,0,0,0,0,0,0,0,19,1,0,4.0,0,10,0,0,0,0,0,0,0,0,0,0,20,1,0,3.0,0,10,0,0,0,0,0,0,0,0,0,0,59,1,0,4.0,1,5,0,0,0,0,0,0,0,0,0,0,52,1,0,3.5,0,9,0,0,0,0,0,0,0,0,0,0
109,0,94,3,0,9,9.5,0,7,1,8,9,10,7,6,3,9,7,0,50,1,9,9.0,1,6,8,3,3,3,7,10,1,7,10,0,46,1,9,9.5,0,4,8,4,1,9,10,2,6,4,9,0,90,0,9,9.5,0,10,10,2,1,8,1,7,3,4,4,0,93,0,9,9.5,0,7,7,2,4,10,1,3,3,10,2,0
109,1,93,3,0,8,8.5,1,0,8,9,10,7,6,3,9,7,0,0,42,1,8,8.5,0,8,3,3,3,7,10,1,7,10,0,0,38,1,8,9.0,0,8,4,1,9,10,2,6,4,9,0,0,80,0,8,9.0,0,10,2,1,8,1,7,3,4,4,0,0,86,0,8,9.0,0,7,2,4,10,1,3,3,10,2,0,0
109,2,90,0,0,7,8.0,0,0,9,10,7,6,3,9,7,0,0,0,42,0,7,7.5,1,3,3,3,7,10,1,7,10,0,0,0,34,1,7,8.5,0,4,1,9,10,2,6,4,9,0,0,0,78,0,7,8.5,0,2,1,8,1,7,3,4,4,0,0,0,84,1,7,8.5,0,2,4,10,1,3,3,10,2,0,0,0
109,3,85,0,0,6,7.5,0,0,10,7,6,3,9,7,0,0,0,0,39,1,6,7.0,0,3,3,7,10,1,7,10,0,0,0,0,34,1,6,7.5,1,1,9,10,2,6,4,9,0,0,0,0,77,0,6,8.0,0,1,8,1,7,3,4,4,0,0,0,0,84,1,6,7.5,1,4,10,1,3,3,10,2,0,0,0,0
109,4,76,0,0,5,7.0,0,0,7,6,3,9,7,0,0,0,0,0,36,1,5,6.5,0,3,7,10,1,7,10,0,0,0,0,0,34,1,5,6.5,1,9,10,2,6,4,9,0,0,0,0,0,69,0,5,7.5,0,8,1,7,3,4,4,0,0,0,0,0,74,1,5,7.0,0,10,1,3,3,10,2,0,0,0,0,0
109,5,68,0,0,4,6.0,1,0,6,3,9,7,0,0,0,0,0,0,29,0,4,6.0,0,7,10,1,7,10,0,0,0,0,0,0,24,0,4,6.0,0,10,2,6,4,9,0,0,0,0,0,0,68,0,4,7.0,0,1,7,3,4,4,0,0,0,0,0,0,74,1,4,6.0,1,1,3,3,10,2,0,0,0,0,0,0
109,6,65,0,0,3,5.5,0,0,3,9,7,0,0,0,0,0,0,0,19,0,3,5.5,0,10,1,7,10,0,0,0,0,0,0,0,22,0,3,5.5,0,2,6,4,9,0,0,0,0,0,0,0,61,0,3,6.5,0,7,3,4,4,0,0,0,0,0,0,0,74,0,3,5.0,1,3,3,10,2,0,0,0,0,0,0,0
109,7,65,0,0,2,5.0,0,0,9,7,0,0,0,0,0,0,0,0,18,0,2,5.0,0,1,7,10,0,0,0,0,0,0,0,0,16,0,2,5.0,0,6,4,9,0,0,0,0,0,0,0,0,58,0,2,6.0,0,3,4,4,0,0,0,0,0,0,0,0,71,0,2,4.5,0,3,10,2,0,0,0,0,0,0,0,0
109,8,54,0,0,1,4.5,0,0,7,0,0,0,0,0,0,0,0,0,18,0,1,4.0,1,0,10,0,0,0,0,0,0,0,0,0,16,0,1,4.0,1,0,9,0,0,0,0,0,0,0,0,0,54,0,1,5.5,0,4,4,0,0,0,0,0,0,0,0,0,61,0,1,4.0,0,10,2,0,0,0,0,0,0,0,0,0
109,9,42,0,0,0,4.0,0,0,0,0,0,0,0,0,0,0,0,0,18,0,0,3.0,1,0,0,0,0,0,0,0,0,0,0,0,7,0,0,3.5,0,9,0,0,0,0,0,0,0,0,0,0,50,1,0,5.0,0,4,0,0,0,0,0,0,0,0,0,0,61,0,0,3.0,1,0,0,0,0,0,0,0,0,0,0,0
110,0,93,10,0,9,9.0,1,0,2,5,7,5,3,5,6,4,7,0,44,0,9,9.5,0,6,5,9,6,1,3,2,10,6,2,0,50,0,9,9.0,1,0,7,10,1,5,8,5,9,7,4,0,95,0,9,9.5,0,5,2,5,3,4,3,9,1,3,2,0,96,0,9,9.5,0,4,8,1,10,1,4,6,4,9,2,0
110,1,84,8,0,8,8.5,0,2,5,7,5,3,5,6,4,7,0,0,39,1,8,9.0,0,5,9,6,1,3,2,10,6,2,0,0,50,0,8,8.0,1,0,10,1,5,8,5,9,7,4,0,0,95,0,8,8.5,1,0,5,3,4,3,9,1,3,2,0,0,88,0,8,9.0,0,8,1,10,1,4,6,4,9,2,0,0
110,2,78,3,0,7,8.0,0,5,7,5,3,5,6,4,7,0,0,0,30,1,7,8.5,0,9,6,1,3,2,10,6,2,0,0,0,40,0,7,7.5,0,10,1,5,8,5,9,7,4,0,0,0,95,0,7,7.5,1,0,3,4,3,9,1,3,2,0,0,0,88,0,7,8.0,1,0,10,1,4,6,4,9,2,0,0,0
110,3,77,0,0,6,7.5,0,0,5,3,5,6,4,7,0,0,0,0,24,1,6,8.0,0,6,1,3,2,10,6,2,0,0,0,0,40,0,6,6.5,1,0,5,8,5,9,7,4,0,0,0,0,92,1,6,7.0,0,3,4,3,9,1,3,2,0,0,0,0,78,0,6,7.5,0,10,1,4,6,4,9,2,0,0,0,0
110,4,67,0,0,5,7.0,0,0,3,5,6,4,7,0,0,0,0,0,23,1,5,7.5,0,1,3,2,10,6,2,0,0,0,0,0,40,0,5,5.5,1,0,8,5,9,7,4,0,0,0,0,0,92,1,5,6.0,1,4,3,9,1,3,2,0,0,0,0,0,78,0,5,6.5,1,0,4,6,4,9,2,0,0,0,0,0
110,5,64,0,0,4,6.0,1,0,5,6,4,7,0,0,0,0,0,0,20,1,4,7.0,0,3,2,10,6,2,0,0,0,0,0,0,32,0,4,5.0,0,8,5,9,7,4,0,0,0,0,0,0,89,1,4,5.5,0,3,9,1,3,2,0,0,0,0,0,0,74,1,4,6.0,0,4,6,4,9,2,0,0,0,0,0,0
110,6,64,0,0,3,5.5,0,0,6,4,7,0,0,0,0,0,0,0,18,1,3,6.5,0,2,10,6,2,0,0,0,0,0,0,0,27,1,3,4.5,0,5,9,7,4,0,0,0,0,0,0,0,80,1,3,5.0,0,9,1,3,2,0,0,0,0,0,0,0,68,1,3,5.5,0,6,4,9,2,0,0,0,0,0,0,0
110,7,45,0,0,2,5.0,0,0,4,7,0,0,0,0,0,0,0,0,18,0,2,5.5,1,10,6,2,0,0,0,0,0,0,0,0,27,1,2,3.5,1,9,7,4,0,0,0,0,0,0,0,0,79,1,2,4.5,0,1,3,2,0,0,0,0,0,0,0,0,64,1,2,5.0,0,4,9,2,0,0,0,0,0,0,0,0
110,8,39,0,0,1,4.5,0,0,7,0,0,0,0,0,0,0,0,0,18,0,1,4.5,1,0,2,0,0,0,0,0,0,0,0,0,20,1,1,3.0,0,7,4,0,0,0,0,0,0,0,0,0,76,1,1,4.0,0,3,2,0,0,0,0,0,0,0,0,0,55,0,1,4.5,0,9,2,0,0,0,0,0,0,0,0,0
110,9,26,0,0,0,3.5,1,0,0,0,0,0,0,0,0,0,0,0,16,0,0,4.0,0,2,0,0,0,0,0,0,0,0,0,0,20,1,0,2.0,1,4,0,0,0,0,0,0,0,0,0,0,74,1,0,3.5,0,2,0,0,0,0,0,0,0,0,0,0,55,0,0,3.5,1,0,0,0,0,0,0,0,0,0,0,0
111,0,92,9,0,9,9.5,0,1,2,7,2,4,3,9,7,7,2,0,42,1,9,9.5,0,8,6,8,7,9,8,6,8,3,2,0,50,0,9,9.0,1,0,3,4,4,9,7,4,4,10,7,0,97,1,9,9.5,0,3,9,2,10,7,10,4,5,1,4,0,94,0,9,9.5,0,6,10,3,6,2,9,3,2,10,3,0
111,1,83,7,1,8,9.0,0,2,7,2,4,3,9,7,7,2,0,0,36,1,8,9.0,0,6,8,7,9,8,6,8,3,2,0,0,47,0,8,8.5,0,3,4,4,9,7,4,4,10,7,0,0,97,1,8,8.5,1,9,2,10,7,10,4,5,1,4,0,0,84,0,8,9.0,0,10,3,6,2,9,3,2,10,3,0,0
111,2,79,0,1,7,8.5,0,7,2,4,3,9,7,7,2,0,0,0,28,1,7,8.5,0,8,7,9,8,6,8,3,2,0,0,0,47,1,7,7.5,1,0,4,9,7,4,4,10,7,0,0,0,95,1,7,8.0,0,2,10,7,10,4,5,1,4,0,0,0,81,1,7,8.5,0,3,6,2,9,3,2,10,3,0,0,0
111,3,79,0,1,6,8.0,0,0,4,3,9,7,7,2,0,0,0,0,21,0,6,8.0,0,7,9,8,6,8,3,2,0,0,0,0,43,1,6,7.0,0,4,9,7,4,4,10,7,0,0,0,0,85,0,6,7.5,0,10,7,10,4,5,1,4,0,0,0,0,75,1,6,8.0,0,6,2,9,3,2,10,3,0,0,0,0
111,4,63,0,1,5,7.5,0,0,3,9,7,7,2,0,0,0,0,0,12,0,5,7.5,0,9,8,6,8,3,2,0,0,0,0,0,43,1,5,6.0,1,9,7,4,4,10,7,0,0,0,0,0,85,0,5,6.5,1,0,10,4,5,1,4,0,0,0,0,0,73,1,5,7.5,0,2,9,3,2,10,3,0,0,0,0,0
111,5,54,0,1,4,7.0,0,0,9,7,7,2,0,0,0,0,0,0,4,0,4,7.0,0,8,6,8,3,2,0,0,0,0,0,0,36,1,4,5.5,0,7,4,4,10,7,0,0,0,0,0,0,75,1,4,6.0,0,10,4,5,1,4,0,0,0,0,0,0,73,1,4,6.5,1,9,3,2,10,3,0,0,0,0,0,0
111,6,42,0,1,3,6.0,1,0,7,7,2,0,0,0,0,0,0,0,0,0,3,6.5,0,0,8,3,2,0,0,0,0,0,0,0,32,1,3,5.0,0,4,4,10,7,0,0,0,0,0,0,0,71,1,3,5.5,0,4,5,1,4,0,0,0,0,0,0,0,73,1,3,5.5,1,3,2,10,3,0,0,0,0,0,0,0
111,7,35,0,1,2,5.0,1,0,7,2,0,0,0,0,0,0,0,0,0,0,2,6.0,0,0,3,2,0,0,0,0,0,0,0,0,28,1,2,4.5,0,4,10,7,0,0,0,0,0,0,0,0,66,1,2,5.0,0,5,1,4,0,0,0,0,0,0,0,0,71,1,2,5.0,0,2,10,3,0,0,0,0,0,0,0,0
111,8,35,0,1,1,4.5,0,0,2,0,0,0,0,0,0,0,0,0,0,0,1,5.5,0,0,2,0,0,0,0,0,0,0,0,0,18,0,1,4.0,0,10,7,0,0,0,0,0,0,0,0,0,65,1,1,4.5,0,1,4,0,0,0,0,0,0,0,0,0,61,1,1,4.5,0,10,3,0,0,0,0,0,0,0,0,0
111,9,31,0,1,0,4.0,0,0,0,0,0,0,0,0,0,0,0,0,0,0,0,5.0,0,0,0,0,0,0,0,0,0,0,0,0,11,0,0,3.5,0,7,0,0,0,0,0,0,0,0,0,0,65,1,0,3.5,1,4,0,0,0,0,0,0,0,0,0,0,58,1,0,4.0,0,3,0,0,0,0,0,0,0,0,0,0
112,0,90,1,1,9,9.5,0,9,7,4,5,9,8,7,1,2,6,0,49,1,9,9.5,0,1,3,7,4,2,4,8,3,2,9,0,50,0,9,9.0,1,0,7,1,5,3,4,5,5,1,4,0,93,1,9,9.5,0,7,4,5,2,6,6,6,7,10,6,0,99,1,9,9.5,0,1,4,4,9,6,9,5,6,7,8,0
112,1,86,0,1,8,9.0,0,0,4,5,9,8,7,1,2,6,0,0,46,1,8,9.0,0,3,7,4,2,4,8,3,2,9,0,0,43,0,8,8.5,0,7,1,5,3,4,5,5,1,4,0,0,93,1,8,8.5,1,4,5,2,6,6,6,7,10,6,0,0,95,1,8,9.0,0,4,4,9,6,9,5,6,7,8,0,0
112,2,82,0,1,7,8.0,1,0,5,9,8,7,1,2,6,0,0,0,39,1,7,8.5,0,7,4,2,4,8,3,2,9,0,0,0,42,1,7,8.0,0,1,5,3,4,5,5,1,4,0,0,0,88,1,7,8.0,0,5,2,6,6,6,7,10,6,0,0,0,91,1,7,8.5,0,4,9,6,9,5,6,7,8,0,0,0
112,3,67,0,1,6,7.5,0,0,9,8,7,1,2,6,0,0,0,0,39,0,6,7.5,1,4,2,4,8,3,2,9,0,0,0,0,37,1,6,7.5,0,5,3,4,5,5,1,4,0,0,0,0,88,1,6,7.0,1,2,6,6,6,7,10,6,0,0,0,0,91,1,6,7.5,1,9,6,9,5,6,7,8,0,0,0,0
112,4,58,0,1,5,7.0,0,0,8,7,1,2,6,0,0,0,0,0,37,0,5,7.0,0,2,4,8,3,2,9,0,0,0,0,0,37,1,5,6.5,1,3,4,5,5,1,4,0,0,0,0,0,82,1,5,6.5,0,6,6,6,7,10,6,0,0,0,0,0,91,1,5,6.5,1,6,9,5,6,7,8,0,0,0,0,0
112,5,45,0,1,4,6.5,0,0,7,1,2,6,0,0,0,0,0,0,33,1,4,6.5,0,4,8,3,2,9,0,0,0,0,0,0,37,1,4,5.5,1,4,5,5,1,4,0,0,0,0,0,0,76,1,4,6.0,0,6,6,7,10,6,0,0,0,0,0,0,91,1,4,5.5,1,9,5,6,7,8,0,0,0,0,0,0
112,6,37,0,1,3,6.0,0,0,1,2,6,0,0,0,0,0,0,0,33,0,3,5.5,1,8,3,2,9,0,0,0,0,0,0,0,32,0,3,5.0,0,5,5,1,4,0,0,0,0,0,0,0,70,1,3,5.5,0,6,7,10,6,0,0,0,0,0,0,0,86,0,3,5.0,0,5,6,7,8,0,0,0,0,0,0,0
112,7,29,0,1,2,5.0,1,0,2,6,0,0,0,0,0,0,0,0,30,1,2,5.0,0,3,2,9,0,0,0,0,0,0,0,0,27,0,2,4.5,0,5,1,4,0,0,0,0,0,0,0,0,70,1,2,4.5,1,7,10,6,0,0,0,0,0,0,0,0,80,0,2,4.5,0,6,7,8,0,0,0,0,0,0,0,0
112,8,24,0,1,1,4.0,1,0,6,0,0,0,0,0,0,0,0,0,30,1,1,4.0,1,2,9,0,0,0,0,0,0,0,0,0,27,1,1,3.5,1,0,4,0,0,0,0,0,0,0,0,0,60,1,1,4.0,0,10,6,0,0,0,0,0,0,0,0,0,73,0,1,4.0,0,7,8,0,0,0,0,0,0,0,0,0
112,9,10,0,1,0,3.5,0,0,0,0,0,0,0,0,0,0,0,0,21,1,0,3.5,0,9,0,0,0,0,0,0,0,0,0,0,23,1,0,3.0,0,4,0,0,0,0,0,0,0,0,0,0,60,1,0,3.0,1,6,0,0,0,0,0,0,0,0,0,0,73,0,0,3.0,1,0,0,0,0,0,0,0,0,0,0,0
113,0,99,1,1,9,9.5,0,9,4,3,9,4,6,1,9,9,10,0,48,0,9,9.5,0,2,10,4,2,5,1,8,8,4,4,0,44,0,9,9.5,0,6,4,10,8,3,8,3,2,4,5,0,100,0,9,9.0,1,0,10,7,6,10,3,5,6,9,6,0,95,1,9,9.5,0,5,5,7,8,1,1,1,7,8,9,0
113,1,99,0,1,8,9.0,0,0,3,9,4,6,1,9,9,10,0,0,38,0,8,9.0,0,10,4,2,5,1,8,8,4,4,0,0,40,0,8,9.0,0,4,10,8,3,8,3,2,4,5,0,0,90,0,8,8.5,0,10,7,6,10,3,5,6,9,6,0,0,90,1,8,9.0,0,5,7,8,1,1,1,7,8,9,0,0
113,2,95,0,1,7,8.5,0,0,9,4,6,1,9,9,10,0,0,0,38,0,7,8.0,1,0,2,5,1,8,8,4,4,0,0,0,30,0,7,8.5,0,10,8,3,8,3,2,4,5,0,0,0,83,0,7,8.0,0,7,6,10,3,5,6,9,6,0,0,0,83,1,7,8.5,0,7,8,1,1,1,7,8,9,0,0,0
113,3,89,0,1,6,8.0,0,0,4,6,1,9,9,10,0,0,0,0,36,0,6,7.5,0,2,5,1,8,8,4,4,0,0,0,0,22,0,6,8.0,0,8,3,8,3,2,4,5,0,0,0,0,83,0,6,7.0,1,0,10,3,5,6,9,6,0,0,0,0,75,0,6,8.0,0,8,1,1,1,7,8,9,0,0,0,0
113,4,79,0,1,5,7.5,0,0,6,1,9,9,10,0,0,0,0,0,31,0,5,7.0,0,5,1,8,8,4,4,0,0,0,0,0,19,0,5,7.5,0,3,8,3,2,4,5,0,0,0,0,0,83,0,5,6.0,1,0,3,5,6,9,6,0,0,0,0,0,74,1,5,7.5,0,1,1,1,7,8,9,0,0,0,0,0
113,5,79,0,1,4,7.0,0,0,1,9,9,10,0,0,0,0,0,0,30,0,4,6.5,0,1,8,8,4,4,0,0,0,0,0,0,11,0,4,7.0,0,8,3,2,4,5,0,0,0,0,0,0,80,1,4,5.5,0,3,5,6,9,6,0,0,0,0,0,0,73,1,4,7.0,0,1,1,7,8,9,0,0,0,0,0,0
113,6,75,0,1,3,6.0,1,0,9,9,10,0,0,0,0,0,0,0,22,0,3,6.0,0,8,8,4,4,0,0,0,0,0,0,0,11,1,3,6.0,1,0,2,4,5,0,0,0,0,0,0,0,75,1,3,5.0,0,5,6,9,6,0,0,0,0,0,0,0,72,1,3,6.5,0,1,7,8,9,0,0,0,0,0,0,0
113,7,49,0,1,2,5.0,1,0,9,10,0,0,0,0,0,0,0,0,22,0,2,5.0,1,0,4,4,0,0,0,0,0,0,0,0,11,1,2,5.0,1,2,4,5,0,0,0,0,0,0,0,0,69,1,2,4.5,0,6,9,6,0,0,0,0,0,0,0,0,72,1,2,5.5,1,7,8,9,0,0,0,0,0,0,0,0
113,8,36,0,1,1,4.0,1,0,10,0,0,0,0,0,0,0,0,0,22,0,1,4.0,1,0,4,0,0,0,0,0,0,0,0,0,7,1,1,4.5,0,4,5,0,0,0,0,0,0,0,0,0,60,1,1,4.0,0,9,6,0,0,0,0,0,0,0,0,0,64,0,1,5.0,0,8,9,0,0,0,0,0,0,0,0,0
113,9,20,0,1,0,3.0,1,0,0,0,0,0,0,0,0,0,0,0,18,0,0,3.5,0,4,0,0,0,0,0,0,0,0,0,0,2,1,0,4.0,0,5,0,0,0,0,0,0,0,0,0,0,60,1,0,3.0,1,6,0,0,0,0,0,0,0,0,0,0,55,0,0,4.5,0,9,0,0,0,0,0,0,0,0,0,0
114,0,94,10,1,9,9.0,1,6,4,3,6,8,8,9,6,7,1,0,47,0,9,9.5,0,3,2,8,9,3,2,1,8,2,2,0,48,0,9,9.5,0,2,1,8,8,8,2,5,4,3,4,0,98,0,9,9.5,0,2,6,4,6,2,7,6,7,9,3,0,95,0,9,9.5,0,5,1,6,6,3,8,8,10,5,8,0
114,1,91,6,0,8,8.5,0,4,3,6,8,8,9,6,7,1,0,0,47,0,8,8.5,1,0,8,9,3,2,1,8,2,2,0,0,48,0,8,8.5,1,0,8,8,8,2,5,4,3,4,0,0,92,0,8,9.0,0,6,4,6,2,7,6,7,9,3,0,0,94,0,8,9.0,0,1,6,6,3,8,8,10,5,8,0,0
114,2,80,6,0,7,7.5,1,0,6,8,8,9,6,7,1,0,0,0,39,0,7,8.0,0,8,9,3,2,1,8,2,2,0,0,0,48,0,7,7.5,1,0,8,8,2,5,4,3,4,0,0,0,88,0,7,8.5,0,4,6,2,7,6,7,9,3,0,0,0,88,0,7,8.5,0,6,6,3,8,8,10,5,8,0,0,0
114,3,68,6,0,6,6.5,1,0,8,8,9,6,7,1,0,0,0,0,30,0,6,7.5,0,9,3,2,1,8,2,2,0,0,0,0,40,0,6,7.0,0,8,8,2,5,4,3,4,0,0,0,0,82,0,6,8.0,0,6,2,7,6,7,9,3,0,0,0,0,88,0,6,7.5,1,0,3,8,8,10,5,8,0,0,0,0
114,4,65,0,0,5,6.0,0,0,8,9,6,7,1,0,0,0,0,0,30,0,5,6.5,1,0,2,1,8,2,2,0,0,0,0,0,32,0,5,6.5,0,8,2,5,4,3,4,0,0,0,0,0,80,0,5,7.5,0,2,7,6,7,9,3,0,0,0,0,0,85,0,5,7.0,0,3,8,8,10,5,8,0,0,0,0,0
114,5,55,0,0,4,5.0,1,0,9,6,7,1,0,0,0,0,0,0,30,0,4,5.5,1,0,1,8,2,2,0,0,0,0,0,0,30,0,4,6.0,0,2,5,4,3,4,0,0,0,0,0,0,73,0,4,7.0,0,7,6,7,9,3,0,0,0,0,0,0,77,1,4,6.5,0,8,8,10,5,8,0,0,0,0,0,0
114,6,40,0,0,3,4.0,1,0,6,7,1,0,0,0,0,0,0,0,29,0,3,5.0,0,1,8,2,2,0,0,0,0,0,0,0,25,0,3,5.5,0,5,4,3,4,0,0,0,0,0,0,0,73,0,3,6.0,1,0,7,9,3,0,0,0,0,0,0,0,69,1,3,6.0,0,8,10,5,8,0,0,0,0,0,0,0
114,7,34,0,0,2,3.0,1,0,7,1,0,0,0,0,0,0,0,0,21,0,2,4.5,0,8,2,2,0,0,0,0,0,0,0,0,21,0,2,5.0,0,4,3,4,0,0,0,0,0,0,0,0,66,0,2,5.5,0,7,9,3,0,0,0,0,0,0,0,0,59,1,2,5.5,0,10,5,8,0,0,0,0,0,0,0,0
114,8,29,0,0,1,2.5,0,0,1,0,0,0,0,0,0,0,0,0,19,0,1,4.0,0,2,2,0,0,0,0,0,0,0,0,0,18,0,1,4.5,0,3,4,0,0,0,0,0,0,0,0,0,57,0,1,5.0,0,9,3,0,0,0,0,0,0,0,0,0,59,1,1,4.5,1,5,8,0,0,0,0,0,0,0,0,0
114,9,25,0,0,0,1.5,1,0,0,0,0,0,0,0,0,0,0,0,17,0,0,3.5,0,2,0,0,0,0,0,0,0,0,0,0,14,0,0,4.0,0,4,0,0,0,0,0,0,0,0,0,0,57,1,0,4.0,1,0,0,0,0,0,0,0,0,0,0,0,51,1,0,4.0,0,8,0,0,0,0,0,0,0,0,0,0
115,0,87,9,1,9,9.5,0,1,1,5,3,3,6,2,4,8,2,0,47,1,9,9.5,0,3,5,9,5,6,6,7,8,2,10,0,50,0,9,9.0,1,0,3,7,8,10,1,2,5,7,5,0,100,1,9,9.0,1,3,6,4,3,5,8,3,3,9,1,0,91,1,9,9.5,0,9,9,3,6,8,8,9,4,4,3,0
115,1,82,8,0,8,9.0,0,1,5,3,3,6,2,4,8,2,0,0,47,1,8,8.5,1,5,9,5,6,6,7,8,2,10,0,0,47,0,8,8.5,0,3,7,8,10,1,2,5,7,5,0,0,94,0,8,8.5,0,6,4,3,5,8,3,3,9,1,0,0,82,0,8,9.0,0,9,3,6,8,8,9,4,4,3,0,0
115,2,68,8,0,7,8.0,1,0,3,3,6,2,4,8,2,0,0,0,47,1,7,7.5,1,9,5,6,6,7,8,2,10,0,0,0,40,0,7,8.0,0,7,8,10,1,2,5,7,5,0,0,0,90,1,7,8.0,0,4,3,5,8,3,3,9,1,0,0,0,79,0,7,8.5,0,3,6,8,8,9,4,4,3,0,0,0
115,3,65,8,0,6,7.0,1,0,3,6,2,4,8,2,0,0,0,0,42,1,6,7.0,0,5,6,6,7,8,2,10,0,0,0,0,32,0,6,7.5,0,8,10,1,2,5,7,5,0,0,0,0,87,1,6,7.5,0,3,5,8,3,3,9,1,0,0,0,0,73,0,6,8.0,0,6,8,8,9,4,4,3,0,0,0,0
115,4,65,5,0,5,6.5,0,3,6,2,4,8,2,0,0,0,0,0,36,1,5,6.5,0,6,6,7,8,2,10,0,0,0,0,0,22,0,5,7.0,0,10,1,2,5,7,5,0,0,0,0,0,82,1,5,7.0,0,5,8,3,3,9,1,0,0,0,0,0,65,0,5,7.5,0,8,8,9,4,4,3,0,0,0,0,0
115,5,57,0,0,4,6.0,0,0,2,4,8,2,0,0,0,0,0,0,30,1,4,6.0,0,6,7,8,2,10,0,0,0,0,0,0,21,1,4,6.5,0,1,2,5,7,5,0,0,0,0,0,0,82,1,4,6.0,1,8,3,3,9,1,0,0,0,0,0,0,57,0,4,7.0,0,8,9,4,4,3,0,0,0,0,0,0
115,6,55,0,0,3,5.0,1,0,4,8,2,0,0,0,0,0,0,0,23,1,3,5.5,0,7,8,2,10,0,0,0,0,0,0,0,19,0,3,6.0,0,2,5,7,5,0,0,0,0,0,0,0,79,1,3,5.5,0,3,3,9,1,0,0,0,0,0,0,0,48,0,3,6.5,0,9,4,4,3,0,0,0,0,0,0,0
115,7,48,0,0,2,4.0,1,0,8,2,0,0,0,0,0,0,0,0,15,0,2,5.0,0,8,2,10,0,0,0,0,0,0,0,0,14,0,2,5.5,0,5,7,5,0,0,0,0,0,0,0,0,79,1,2,4.5,1,3,9,1,0,0,0,0,0,0,0,0,44,0,2,6.0,0,4,4,3,0,0,0,0,0,0,0,0
115,8,38,0,0,1,3.0,1,0,2,0,0,0,0,0,0,0,0,0,15,0,1,4.0,1,0,10,0,0,0,0,0,0,0,0,0,7,0,1,5.0,0,7,5,0,0,0,0,0,0,0,0,0,70,1,1,4.0,0,9,1,0,0,0,0,0,0,0,0,0,40,0,1,5.5,0,4,3,0,0,0,0,0,0,0,0,0
115,9,36,0,0,0,2.0,1,0,0,0,0,0,0,0,0,0,0,0,5,0,0,3.5,0,10,0,0,0,0,0,0,0,0,0,0,2,0,0,4.5,0,5,0,0,0,0,0,0,0,0,0,0,69,0,0,3.5,0,1,0,0,0,0,0,0,0,0,0,0,37,0,0,5.0,0,3,0,0,0,0,0,0,0,0,0,0
116,0,100,4,0,9,9.5,0,6,3,5,3,3,5,7,3,7,6,0,42,0,9,9.5,0,8,1,6,9,7,4,3,1,4,6,0,40,0,9,9.5,0,10,9,1,5,9,3,3,9,10,6,0,92,0,9,9.5,0,8,9,2,1,7,4,5,2,9,6,0,97,0,9,9.5,0,3,2,3,3,9,4,7,5,6,7,0
116,1,98,1,0,8,9.0,0,3,5,3,3,5,7,3,7,6,0,0,41,1,8,9.0,0,1,6,9,7,4,3,1,4,6,0,0,31,0,8,9.0,0,9,1,5,9,3,3,9,10,6,0,0,83,0,8,9.0,0,9,2,1,7,4,5,2,9,6,0,0,97,0,8,8.5,1,0,3,3,9,4,7,5,6,7,0,0
116,2,98,0,0,7,8.5,0,0,3,3,5,7,3,7,6,0,0,0,35,1,7,8.5,0,6,9,7,4,3,1,4,6,0,0,0,30,0,7,8.5,0,1,5,9,3,3,9,10,6,0,0,0,81,0,7,8.5,0,2,1,7,4,5,2,9,6,0,0,0,94,0,7,8.0,0,3,3,9,4,7,5,6,7,0,0,0
116,3,95,0,0,6,8.0,0,0,3,5,7,3,7,6,0,0,0,0,26,1,6,8.0,0,9,7,4,3,1,4,6,0,0,0,0,25,0,6,8.0,0,5,9,3,3,9,10,6,0,0,0,0,80,0,6,8.0,0,1,7,4,5,2,9,6,0,0,0,0,94,0,6,7.0,1,0,9,4,7,5,6,7,0,0,0,0
116,4,92,0,0,5,7.0,1,0,5,7,3,7,6,0,0,0,0,0,19,1,5,7.5,0,7,4,3,1,4,6,0,0,0,0,0,16,0,5,7.5,0,9,3,3,9,10,6,0,0,0,0,0,73,0,5,7.5,0,7,4,5,2,9,6,0,0,0,0,0,85,0,5,6.5,0,9,4,7,5,6,7,0,0,0,0,0
116,5,92,0,0,4,6.5,0,0,7,3,7,6,0,0,0,0,0,0,15,1,4,7.0,0,4,3,1,4,6,0,0,0,0,0,0,13,0,4,7.0,0,3,3,9,10,6,0,0,0,0,0,0,69,0,4,7.0,0,4,5,2,9,6,0,0,0,0,0,0,81,0,4,6.0,0,4,7,5,6,7,0,0,0,0,0,0
116,6,80,0,0,3,5.5,1,0,3,7,6,0,0,0,0,0,0,0,12,1,3,6.5,0,3,1,4,6,0,0,0,0,0,0,0,10,0,3,6.5,0,3,9,10,6,0,0,0,0,0,0,0,69,0,3,6.0,1,0,2,9,6,0,0,0,0,0,0,0,74,0,3,5.5,0,7,5,6,7,0,0,0,0,0,0,0
116,7,73,0,0,2,5.0,0,0,7,6,0,0,0,0,0,0,0,0,11,1,2,6.0,0,1,4,6,0,0,0,0,0,0,0,0,1,0,2,6.0,0,9,10,6,0,0,0,0,0,0,0,0,69,1,2,5.0,1,0,9,6,0,0,0,0,0,0,0,0,74,0,2,4.5,1,0,6,7,0,0,0,0,0,0,0,0
116,8,66,0,1,1,4.0,1,0,6,0,0,0,0,0,0,0,0,0,7,1,1,5.5,0,4,6,0,0,0,0,0,0,0,0,0,0,0,1,5.5,0,0,6,0,0,0,0,0,0,0,0,0,60,1,1,4.5,0,9,6,0,0,0,0,0,0,0,0,0,68,0,1,4.0,0,6,7,0,0,0,0,0,0,0,0,0
116,9,48,0,1,0,3.0,1,0,0,0,0,0,0,0,0,0,0,0,7,1,0,4.5,1,6,0,0,0,0,0,0,0,0,0,0,0,0,0,5.0,0,0,0,0,0,0,0,0,0,0,0,0,60,1,0,3.5,1,6,0,0,0,0,0,0,0,0,0,0,61,0,0,3.5,0,7,0,0,0,0,0,0,0,0,0,0
117,0,89,10,0,9,9.0,1,0,2,6,3,8,10,6,5,1,10,0,40,1,9,9.5,0,10,2,2,3,4,1,10,1,1,7,0,46,1,9,9.5,0,4,7,8,8,2,3,9,8,3,9,0,90,1,9,9.5,0,10,6,1,3,1,6,3,4,8,7,0,100,1,9,9.0,1,8,9,8,1,2,9,2,5,9,10,0
117,1,87,10,0,8,8.0,1,0,6,3,8,10,6,5,1,10,0,0,38,1,8,9.0,0,2,2,3,4,1,10,1,1,7,0,0,39,1,8,9.0,0,7,8,8,2,3,9,8,3,9,0,0,84,1,8,9.0,0,6,1,3,1,6,3,4,8,7,0,0,91,1,8,8.5,0,9,8,1,2,9,2,5,9,10,0,0
117,2,86,4,0,7,7.5,0,6,3,8,10,6,5,1,10,0,0,0,36,1,7,8.5,0,2,3,4,1,10,1,1,7,0,0,0,31,1,7,8.5,0,8,8,2,3,9,8,3,9,0,0,0,84,1,7,8.0,1,1,3,1,6,3,4,8,7,0,0,0,83,1,7,8.0,0,8,1,2,9,2,5,9,10,0,0,0
117,3,86,1,0,6,7.0,0,3,8,10,6,5,1,10,0,0,0,0,33,1,6,8.0,0,3,4,1,10,1,1,7,0,0,0,0,23,1,6,8.0,0,8,2,3,9,8,3,9,0,0,0,0,81,1,6,7.5,0,3,1,6,3,4,8,7,0,0,0,0,82,1,6,7.5,0,1,2,9,2,5,9,10,0,0,0,0
117,4,76,1,0,5,6.0,1,0,10,6,5,1,10,0,0,0,0,0,29,1,5,7.5,0,4,1,10,1,1,7,0,0,0,0,0,23,1,5,7.0,1,2,3,9,8,3,9,0,0,0,0,0,80,1,5,7.0,0,1,6,3,4,8,7,0,0,0,0,0,80,1,5,7.0,0,2,9,2,5,9,10,0,0,0,0,0
117,5,66,1,0,4,5.0,1,0,6,5,1,10,0,0,0,0,0,0,28,0,4,7.0,0,1,10,1,1,7,0,0,0,0,0,0,20,1,4,6.5,0,3,9,8,3,9,0,0,0,0,0,0,74,1,4,6.5,0,6,3,4,8,7,0,0,0,0,0,0,71,1,4,6.5,0,9,2,5,9,10,0,0,0,0,0,0
117,6,60,1,1,3,4.0,1,0,5,1,10,0,0,0,0,0,0,0,18,0,3,6.5,0,10,1,1,7,0,0,0,0,0,0,0,11,1,3,6.0,0,9,8,3,9,0,0,0,0,0,0,0,71,1,3,6.0,0,3,4,8,7,0,0,0,0,0,0,0,69,1,3,6.0,0,2,5,9,10,0,0,0,0,0,0,0
117,7,50,1,1,2,3.0,1,0,1,10,0,0,0,0,0,0,0,0,17,0,2,6.0,0,1,1,7,0,0,0,0,0,0,0,0,3,1,2,5.5,0,8,3,9,0,0,0,0,0,0,0,0,67,1,2,5.5,0,4,8,7,0,0,0,0,0,0,0,0,69,1,2,5.0,1,5,9,10,0,0,0,0,0,0,0,0
117,8,45,1,1,1,2.0,1,1,10,0,0,0,0,0,0,0,0,0,17,1,1,5.0,1,0,7,0,0,0,0,0,0,0,0,0,3,1,1,4.5,1,3,9,0,0,0,0,0,0,0,0,0,59,1,1,5.0,0,8,7,0,0,0,0,0,0,0,0,0,60,1,1,4.5,0,9,10,0,0,0,0,0,0,0,0,0
117,9,45,0,1,0,1.5,0,0,0,0,0,0,0,0,0,0,0,0,10,1,0,4.5,0,7,0,0,0,0,0,0,0,0,0,0,0,1,0,4.0,0,0,0,0,0,0,0,0,0,0,0,0,52,1,0,4.5,0,7,0,0,0,0,0,0,0,0,0,0,50,1,0,4.0,0,10,0,0,0,0,0,0,0,0,0,0
118,0,91,10,1,9,9.0,1,1,9,4,5,8,1,8,8,5,1,0,50,1,9,9.0,1,3,1,10,1,6,7,8,10,1,10,0,42,1,9,9.5,0,8,2,4,9,10,8,7,7,10,3,0,90,1,9,9.5,0,10,7,2,6,5,2,10,9,7,10,0,100,0,9,9.0,1,0,10,10,3,1,2,2,7,1,9,0
118,1,82,10,1,8,8.0,1,9,4,5,8,1,8,8,5,1,0,0,49,0,8,8.5,0,1,10,1,6,7,8,10,1,10,0,0,40,0,8,9.0,0,2,4,9,10,8,7,7,10,3,0,0,83,1,8,9.0,0,7,2,6,5,2,10,9,7,10,0,0,90,1,8,8.5,0,10,10,3,1,2,2,7,1,9,0,0
118,2,66,10,1,7,7.0,1,4,5,8,1,8,8,5,1,0,0,0,49,0,7,7.5,1,0,1,6,7,8,10,1,10,0,0,0,36,0,7,8.5,0,4,9,10,8,7,7,10,3,0,0,0,83,1,7,8.0,1,2,6,5,2,10,9,7,10,0,0,0,80,0,7,8.0,0,10,3,1,2,2,7,1,9,0,0,0
118,3,57,5,1,6,6.5,0,5,8,1,8,8,5,1,0,0,0,0,48,0,6,7.0,0,1,6,7,8,10,1,10,0,0,0,0,36,0,6,7.5,1,0,10,8,7,7,10,3,0,0,0,0,77,0,6,7.5,0,6,5,2,10,9,7,10,0,0,0,0,77,0,6,7.5,0,3,1,2,2,7,1,9,0,0,0,0
118,4,49,5,1,5,5.5,1,0,1,8,8,5,1,0,0,0,0,0,42,0,5,6.5,0,6,7,8,10,1,10,0,0,0,0,0,26,0,5,7.0,0,10,8,7,7,10,3,0,0,0,0,0,72,0,5,7.0,0,5,2,10,9,7,10,0,0,0,0,0,76,0,5,7.0,0,1,2,2,7,1,9,0,0,0,0,0
118,5,47,4,1,4,5.0,0,1,8,8,5,1,0,0,0,0,0,0,35,0,4,6.0,0,7,8,10,1,10,0,0,0,0,0,0,18,0,4,6.5,0,8,7,7,10,3,0,0,0,0,0,0,72,0,4,6.0,1,0,10,9,7,10,0,0,0,0,0,0,74,0,4,6.5,0,2,2,7,1,9,0,0,0,0,0,0
118,6,22,0,1,3,4.5,0,0,8,5,1,0,0,0,0,0,0,0,35,0,3,5.0,1,0,10,1,10,0,0,0,0,0,0,0,18,0,3,5.5,1,0,7,10,3,0,0,0,0,0,0,0,72,0,3,5.0,1,0,9,7,10,0,0,0,0,0,0,0,72,0,3,6.0,0,2,7,1,9,0,0,0,0,0,0,0
118,7,7,0,1,2,3.5,1,0,5,1,0,0,0,0,0,0,0,0,25,0,2,4.5,0,10,1,10,0,0,0,0,0,0,0,0,18,0,2,4.5,1,0,10,3,0,0,0,0,0,0,0,0,63,0,2,4.5,0,9,7,10,0,0,0,0,0,0,0,0,65,0,2,5.5,0,7,1,9,0,0,0,0,0,0,0,0
118,8,7,0,1,1,3.0,0,0,1,0,0,0,0,0,0,0,0,0,24,0,1,4.0,0,1,10,0,0,0,0,0,0,0,0,0,8,0,1,4.0,0,10,3,0,0,0,0,0,0,0,0,0,56,0,1,4.0,0,7,10,0,0,0,0,0,0,0,0,0,64,0,1,5.0,0,1,9,0,0,0,0,0,0,0,0,0
118,9,0,0,1,0,2.0,1,0,0,0,0,0,0,0,0,0,0,0,14,0,0,3.5,0,10,0,0,0,0,0,0,0,0,0,0,5,0,0,3.5,0,3,0,0,0,0,0,0,0,0,0,0,56,0,0,3.0,1,0,0,0,0,0,0,0,0,0,0,0,55,0,0,4.5,0,9,0,0,0,0,0,0,0,0,0,0
119,0,81,10,0,9,9.0,1,0,5,5,5,6,2,4,6,5,2,0,42,0,9,9.5,0,8,10,3,4,9,8,5,2,4,7,0,50,0,9,9.0,1,0,3,9,4,6,5,6,2,3,3,0,99,1,9,9.5,0,1,7,4,9,4,8,1,9,6,10,0,100,0,9,9.0,1,0,10,6,1,7,2,7,1,6,3,0
119,1,81,5,0,8,8.5,0,5,5,5,6,2,4,6,5,2,0,0,32,0,8,9.0,0,10,3,4,9,8,5,2,4,7,0,0,47,0,8,8.5,0,3,9,4,6,5,6,2,3,3,0,0,92,0,8,9.0,0,7,4,9,4,8,1,9,6,10,0,0,90,0,8,8.5,0,10,6,1,7,2,7,1,6,3,0,0
119,2,69,5,0,7,7.5,1,0,5,6,2,4,6,5,2,0,0,0,32,0,7,8.0,1,0,4,9,8,5,2,4,7,0,0,0,38,0,7,8.0,0,9,4,6,5,6,2,3,3,0,0,0,92,0,7,8.0,1,0,9,4,8,1,9,6,10,0,0,0,84,1,7,8.0,0,6,1,7,2,7,1,6,3,0,0,0
119,3,60,0,0,6,7.0,0,5,6,2,4,6,5,2,0,0,0,0,28,0,6,7.5,0,4,9,8,5,2,4,7,0,0,0,0,34,0,6,7.5,0,4,6,5,6,2,3,3,0,0,0,0,92,0,6,7.0,1,0,4,8,1,9,6,10,0,0,0,0,83,1,6,7.5,0,1,7,2,7,1,6,3,0,0,0,0
119,4,47,0,0,5,6.0,1,0,2,4,6,5,2,0,0,0,0,0,19,0,5,7.0,0,9,8,5,2,4,7,0,0,0,0,0,28,0,5,7.0,0,6,5,6,2,3,3,0,0,0,0,0,88,0,5,6.5,0,4,8,1,9,6,10,0,0,0,0,0,83,1,5,6.5,1,7,2,7,1,6,3,0,0,0,0,0
119,5,29,0,0,4,5.0,1,0,4,6,5,2,0,0,0,0,0,0,19,0,4,6.0,1,0,5,2,4,7,0,0,0,0,0,0,23,0,4,6.5,0,5,6,2,3,3,0,0,0,0,0,0,88,0,4,5.5,1,0,1,9,6,10,0,0,0,0,0,0,81,1,4,6.0,0,2,7,1,6,3,0,0,0,0,0,0
119,6,24,0,0,3,4.5,0,0,6,5,2,0,0,0,0,0,0,0,19,0,3,5.0,1,0,2,4,7,0,0,0,0,0,0,0,17,0,3,6.0,0,6,2,3,3,0,0,0,0,0,0,0,87,0,3,5.0,0,1,9,6,10,0,0,0,0,0,0,0,74,1,3,5.5,0,7,1,6,3,0,0,0,0,0,0,0
119,7,10,0,0,2,4.0,0,0,5,2,0,0,0,0,0,0,0,0,19,0,2,4.0,1,0,4,7,0,0,0,0,0,0,0,0,17,0,2,5.0,1,0,3,3,0,0,0,0,0,0,0,0,87,1,2,4.0,1,0,6,10,0,0,0,0,0,0,0,0,74,1,2,4.5,1,1,6,3,0,0,0,0,0,0,0,0
119,8,0,0,0,1,3.0,1,0,2,0,0,0,0,0,0,0,0,0,15,0,1,3.5,0,4,7,0,0,0,0,0,0,0,0,0,14,0,1,4.5,0,3,3,0,0,0,0,0,0,0,0,0,87,1,1,3.0,1,0,10,0,0,0,0,0,0,0,0,0,68,1,1,4.0,0,6,3,0,0,0,0,0,0,0,0,0
119,9,0,0,0,0,2.0,1,0,0,0,0,0,0,0,0,0,0,0,8,0,0,3.0,0,7,0,0,0,0,0,0,0,0,0,0,11,1,0,4.0,0,3,0,0,0,0,0,0,0,0,0,0,77,1,0,2.5,0,10,0,0,0,0,0,0,0,0,0,0,68,1,0,3.0,1,0,0,0,0,0,0,0,0,0,0,0
120,0,85,3,1,9,9.5,0,7,6,9,10,8,7,2,9,3,8,0,50,1,9,9.0,1,6,9,6,5,6,7,4,2,8,6,0,46,0,9,9.5,0,4,9,3,10,7,5,10,3,8,3,0,91,0,9,9.5,0,9,1,2,9,8,1,8,6,6,1,0,100,1,9,9.0,1,9,8,8,8,6,10,4,5,2,9,0
120,1,84,0,1,8,9.0,0,0,9,10,8,7,2,9,3,8,0,0,41,1,8,8.5,0,9,6,5,6,7,4,2,8,6,0,0,37,0,8,9.0,0,9,3,10,7,5,10,3,8,3,0,0,91,0,8,8.5,1,0,2,9,8,1,8,6,6,1,0,0,92,1,8,8.5,0,8,8,8,6,10,4,5,2,9,0,0
120,2,78,0,1,7,8.5,0,0,10,8,7,2,9,3,8,0,0,0,41,1,7,7.5,1,6,5,6,7,4,2,8,6,0,0,0,34,0,7,8.5,0,3,10,7,5,10,3,8,3,0,0,0,89,1,7,8.0,0,2,9,8,1,8,6,6,1,0,0,0,84,0,7,8.0,0,8,8,6,10,4,5,2,9,0,0,0
120,3,68,0,1,6,7.5,1,0,8,7,2,9,3,8,0,0,0,0,36,1,6,7.0,0,5,6,7,4,2,8,6,0,0,0,0,24,0,6,8.0,0,10,7,5,10,3,8,3,0,0,0,0,80,1,6,7.5,0,9,8,1,8,6,6,1,0,0,0,0,76,0,6,7.5,0,8,6,10,4,5,2,9,0,0,0,0
120,4,45,0,1,5,6.5,1,0,7,2,9,3,8,0,0,0,0,0,30,1,5,6.5,0,6,7,4,2,8,6,0,0,0,0,0,24,0,5,7.0,1,0,5,10,3,8,3,0,0,0,0,0,80,1,5,6.5,1,8,1,8,6,6,1,0,0,0,0,0,70,0,5,7.0,0,6,10,4,5,2,9,0,0,0,0,0
120,5,38,0,1,4,5.5,1,0,2,9,3,8,0,0,0,0,0,0,23,1,4,6.0,0,7,4,2,8,6,0,0,0,0,0,0,19,0,4,6.5,0,5,10,3,8,3,0,0,0,0,0,0,79,1,4,6.0,0,1,8,6,6,1,0,0,0,0,0,0,60,0,4,6.5,0,10,4,5,2,9,0,0,0,0,0,0
120,6,28,0,1,3,4.5,1,0,9,3,8,0,0,0,0,0,0,0,23,1,3,5.0,1,4,2,8,6,0,0,0,0,0,0,0,9,0,3,6.0,0,10,3,8,3,0,0,0,0,0,0,0,71,1,3,5.5,0,8,6,6,1,0,0,0,0,0,0,0,60,1,3,5.5,1,0,5,2,9,0,0,0,0,0,0,0
120,7,19,0,1,2,3.5,1,0,3,8,0,0,0,0,0,0,0,0,21,1,2,4.5,0,2,8,6,0,0,0,0,0,0,0,0,6,0,2,5.5,0,3,8,3,0,0,0,0,0,0,0,0,65,1,2,5.0,0,6,6,1,0,0,0,0,0,0,0,0,55,1,2,5.0,0,5,2,9,0,0,0,0,0,0,0,0
120,8,10,0,1,1,2.5,1,0,8,0,0,0,0,0,0,0,0,0,13,1,1,4.0,0,8,6,0,0,0,0,0,0,0,0,0,0,0,1,5.0,0,0,3,0,0,0,0,0,0,0,0,0,65,1,1,4.0,1,6,1,0,0,0,0,0,0,0,0,0,53,1,1,4.5,0,2,9,0,0,0,0,0,0,0,0,0
120,9,0,0,1,0,1.5,1,0,0,0,0,0,0,0,0,0,0,0,7,1,0,3.5,0,6,0,0,0,0,0,0,0,0,0,0,0,0,0,4.5,0,0,0,0,0,0,0,0,0,0,0,0,64,1,0,3.5,0,1,0,0,0,0,0,0,0,0,0,0,53,1,0,3.5,1,0,0,0,0,0,0,0,0,0,0,0
121,0,79,10,0,9,9.0,1,0,9,3,10,9,10,7,9,4,8,0,45,0,9,9.5,0,5,7,8,7,6,1,1,3,7,3,0,50,0,9,9.0,1,0,5,1,5,2,6,3,2,10,6,0,100,0,9,9.0,1,0,10,4,3,1,6,3,7,4,9,0,93,1,9,9.5,0,7,6,4,8,8,9,5,1,2,2,0
121,1,62,1,1,8,8.5,0,9,3,10,9,10,7,9,4,8,0,0,45,0,8,8.5,1,0,8,7,6,1,1,3,7,3,0,0,45,0,8,8.5,0,5,1,5,2,6,3,2,10,6,0,0,100,0,8,8.0,1,0,4,3,1,6,3,7,4,9,0,0,87,1,8,9.0,0,6,4,8,8,9,5,1,2,2,0,0
121,2,54,0,1,7,8.0,0,0,10,9,10,7,9,4,8,0,0,0,45,1,7,7.5,1,0,7,6,1,1,3,7,3,0,0,0,44,0,7,8.0,0,1,5,2,6,3,2,10,6,0,0,0,96,1,7,7.5,0,4,3,1,6,3,7,4,9,0,0,0,83,1,7,8.5,0,4,8,8,9,5,1,2,2,0,0,0
121,3,49,0,1,6,7.5,0,0,9,10,7,9,4,8,0,0,0,0,38,1,6,7.0,0,7,6,1,1,3,7,3,0,0,0,0,44,0,6,7.0,1,0,2,6,3,2,10,6,0,0,0,0,93,1,6,7.0,0,3,1,6,3,7,4,9,0,0,0,0,75,1,6,8.0,0,8,8,9,5,1,2,2,0,0,0,0
121,4,32,0,1,5,6.5,1,0,10,7,9,4,8,0,0,0,0,0,38,1,5,6.0,1,6,1,1,3,7,3,0,0,0,0,0,44,0,5,6.0,1,0,6,3,2,10,6,0,0,0,0,0,92,1,5,6.5,0,1,6,3,7,4,9,0,0,0,0,0,67,1,5,7.5,0,8,9,5,1,2,2,0,0,0,0,0
121,5,26,0,1,4,6.0,0,0,7,9,4,8,0,0,0,0,0,0,37,1,4,5.5,0,1,1,3,7,3,0,0,0,0,0,0,38,0,4,5.5,0,6,3,2,10,6,0,0,0,0,0,0,92,1,4,5.5,1,6,3,7,4,9,0,0,0,0,0,0,58,1,4,7.0,0,9,5,1,2,2,0,0,0,0,0,0
121,6,19,0,1,3,5.0,1,0,9,4,8,0,0,0,0,0,0,0,36,1,3,5.0,0,1,3,7,3,0,0,0,0,0,0,0,35,0,3,5.0,0,3,2,10,6,0,0,0,0,0,0,0,89,1,3,5.0,0,3,7,4,9,0,0,0,0,0,0,0,53,1,3,6.5,0,5,1,2,2,0,0,0,0,0,0,0
121,7,17,0,1,2,4.5,0,0,4,8,0,0,0,0,0,0,0,0,33,1,2,4.5,0,3,7,3,0,0,0,0,0,0,0,0,35,0,2,4.0,1,0,10,6,0,0,0,0,0,0,0,0,82,1,2,4.5,0,7,4,9,0,0,0,0,0,0,0,0,52,1,2,6.0,0,1,2,2,0,0,0,0,0,0,0,0
121,8,6,0,1,1,3.5,1,0,8,0,0,0,0,0,0,0,0,0,33,1,1,3.5,1,7,3,0,0,0,0,0,0,0,0,0,25,1,1,3.5,0,10,6,0,0,0,0,0,0,0,0,0,78,0,1,4.0,0,4,9,0,0,0,0,0,0,0,0,0,50,1,1,5.5,0,2,2,0,0,0,0,0,0,0,0,0
121,9,0,0,1,0,2.5,1,0,0,0,0,0,0,0,0,0,0,0,30,1,0,3.0,0,3,0,0,0,0,0,0,0,0,0,0,19,1,0,3.0,0,6,0,0,0,0,0,0,0,0,0,0,69,0,0,3.5,0,9,0,0,0,0,0,0,0,0,0,0,48,1,0,5.0,0,2,0,0,0,0,0,0,0,0,0,0
122,0,92,0,0,9,9.5,0,10,2,3,9,2,10,9,10,1,5,0,41,0,9,9.5,0,9,10,6,10,5,6,9,3,3,1,0,46,1,9,9.5,0,4,6,9,2,6,3,6,2,2,3,0,100,1,9,9.0,1,8,3,8,10,1,10,1,9,3,10,0,93,1,9,9.5,0,7,5,5,1,1,8,4,8,9,7,0
122,1,92,0,0,8,9.0,0,0,3,9,2,10,9,10,1,5,0,0,31,0,8,9.0,0,10,6,10,5,6,9,3,3,1,0,0,40,1,8,9.0,0,6,9,2,6,3,6,2,2,3,0,0,97,0,8,8.5,0,3,8,10,1,10,1,9,3,10,0,0,88,1,8,9.0,0,5,5,1,1,8,4,8,9,7,0,0
122,2,84,0,0,7,8.0,1,0,9,2,10,9,10,1,5,0,0,0,25,0,7,8.5,0,6,10,5,6,9,3,3,1,0,0,0,31,1,7,8.5,0,9,2,6,3,6,2,2,3,0,0,0,89,0,7,8.0,0,8,10,1,10,1,9,3,10,0,0,0,88,1,7,8.0,1,5,1,1,8,4,8,9,7,0,0,0
122,3,84,0,0,6,7.5,0,0,2,10,9,10,1,5,0,0,0,0,15,0,6,8.0,0,10,5,6,9,3,3,1,0,0,0,0,29,1,6,8.0,0,2,6,3,6,2,2,3,0,0,0,0,79,1,6,7.5,0,10,1,10,1,9,3,10,0,0,0,0,87,1,6,7.5,0,1,1,8,4,8,9,7,0,0,0,0
122,4,75,0,1,5,6.5,1,0,10,9,10,1,5,0,0,0,0,0,10,0,5,7.5,0,5,6,9,3,3,1,0,0,0,0,0,29,1,5,7.0,1,6,3,6,2,2,3,0,0,0,0,0,78,1,5,7.0,0,1,10,1,9,3,10,0,0,0,0,0,87,1,5,6.5,1,1,8,4,8,9,7,0,0,0,0,0
122,5,54,0,1,4,5.5,1,0,9,10,1,5,0,0,0,0,0,0,4,0,4,7.0,0,6,9,3,3,1,0,0,0,0,0,0,29,1,4,6.0,1,3,6,2,2,3,0,0,0,0,0,0,68,1,4,6.5,0,10,1,9,3,10,0,0,0,0,0,0,87,1,4,5.5,1,8,4,8,9,7,0,0,0,0,0,0
122,6,26,0,1,3,4.5,1,0,10,1,5,0,0,0,0,0,0,0,4,0,3,6.0,1,0,3,3,1,0,0,0,0,0,0,0,29,0,3,5.0,1,6,2,2,3,0,0,0,0,0,0,0,67,1,3,6.0,0,1,9,3,10,0,0,0,0,0,0,0,87,1,3,4.5,1,4,8,9,7,0,0,0,0,0,0,0
122,7,13,0,0,2,4.0,0,0,1,5,0,0,0,0,0,0,0,0,4,0,2,5.0,1,0,3,1,0,0,0,0,0,0,0,0,29,0,2,4.0,1,0,2,3,0,0,0,0,0,0,0,0,58,0,2,5.5,0,9,3,10,0,0,0,0,0,0,0,0,87,0,2,3.5,1,8,9,7,0,0,0,0,0,0,0,0
122,8,0,0,0,1,3.0,1,0,5,0,0,0,0,0,0,0,0,0,4,0,1,4.0,1,0,1,0,0,0,0,0,0,0,0,0,29,0,1,3.0,1,0,3,0,0,0,0,0,0,0,0,0,55,0,1,5.0,0,3,10,0,0,0,0,0,0,0,0,0,87,0,1,2.5,1,0,7,0,0,0,0,0,0,0,0,0
122,9,0,0,0,0,2.0,1,0,0,0,0,0,0,0,0,0,0,0,4,0,0,3.0,1,0,0,0,0,0,0,0,0,0,0,0,26,0,0,2.5,0,3,0,0,0,0,0,0,0,0,0,0,45,0,0,4.5,0,10,0,0,0,0,0,0,0,0,0,0,80,1,0,2.0,0,7,0,0,0,0,0,0,0,0,0,0
123,0,89,5,1,9,9.5,0,5,4,8,9,6,5,4,7,4,5,0,48,0,9,9.5,0,2,5,10,4,4,8,4,8,6,8,0,50,1,9,9.0,1,10,8,6,10,8,10,2,4,1,5,0,97,1,9,9.5,0,3,9,10,7,6,10,9,6,5,7,0,100,1,9,9.0,1,1,1,6,5,10,10,1,9,4,1,0
123,1,79,1,1,8,9.0,0,4,8,9,6,5,4,7,4,5,0,0,43,0,8,9.0,0,5,10,4,4,8,4,8,6,8,0,0,42,0,8,8.5,0,8,6,10,8,10,2,4,1,5,0,0,97,1,8,8.5,1,9,10,7,6,10,9,6,5,7,0,0,100,1,8,8.0,1,1,6,5,10,10,1,9,4,1,0,0
123,2,53,0,1,7,8.5,0,0,9,6,5,4,7,4,5,0,0,0,43,0,7,8.0,1,0,4,4,8,4,8,6,8,0,0,0,36,0,7,8.0,0,6,10,8,10,2,4,1,5,0,0,0,97,1,7,7.5,1,10,7,6,10,9,6,5,7,0,0,0,100,0,7,7.0,1,6,5,10,10,1,9,4,1,0,0,0
123,3,34,0,1,6,7.5,1,0,6,5,4,7,4,5,0,0,0,0,39,1,6,7.5,0,4,4,8,4,8,6,8,0,0,0,0,36,0,6,7.0,1,0,8,10,2,4,1,5,0,0,0,0,90,1,6,7.0,0,7,6,10,9,6,5,7,0,0,0,0,95,1,6,6.5,0,5,10,10,1,9,4,1,0,0,0,0
123,4,34,0,0,5,7.0,0,0,5,4,7,4,5,0,0,0,0,0,35,1,5,7.0,0,4,8,4,8,6,8,0,0,0,0,0,28,0,5,6.5,0,8,10,2,4,1,5,0,0,0,0,0,84,1,5,6.5,0,6,10,9,6,5,7,0,0,0,0,0,85,0,5,6.0,0,10,10,1,9,4,1,0,0,0,0,0
123,5,9,0,0,4,6.0,1,0,4,7,4,5,0,0,0,0,0,0,27,1,4,6.5,0,8,4,8,6,8,0,0,0,0,0,0,18,0,4,6.0,0,10,2,4,1,5,0,0,0,0,0,0,84,0,4,5.5,1,10,9,6,5,7,0,0,0,0,0,0,85,0,4,5.0,1,0,1,9,4,1,0,0,0,0,0,0
123,6,0,0,0,3,5.0,1,0,7,4,5,0,0,0,0,0,0,0,27,1,3,5.5,1,4,8,6,8,0,0,0,0,0,0,0,16,0,3,5.5,0,2,4,1,5,0,0,0,0,0,0,0,75,0,3,5.0,0,9,6,5,7,0,0,0,0,0,0,0,85,0,3,4.0,1,0,9,4,1,0,0,0,0,0,0,0
123,7,0,0,0,2,4.0,1,0,4,5,0,0,0,0,0,0,0,0,27,1,2,4.5,1,0,6,8,0,0,0,0,0,0,0,0,12,0,2,5.0,0,4,1,5,0,0,0,0,0,0,0,0,69,0,2,4.5,0,6,5,7,0,0,0,0,0,0,0,0,85,1,2,3.0,1,0,4,1,0,0,0,0,0,0,0,0
123,8,0,0,0,1,3.5,0,0,5,0,0,0,0,0,0,0,0,0,21,1,1,4.0,0,6,8,0,0,0,0,0,0,0,0,0,11,0,1,4.5,0,1,5,0,0,0,0,0,0,0,0,0,69,0,1,3.5,1,0,7,0,0,0,0,0,0,0,0,0,85,0,1,2.0,1,0,1,0,0,0,0,0,0,0,0,0
123,9,0,0,0,0,3.0,0,0,0,0,0,0,0,0,0,0,0,0,13,0,0,3.5,0,8,0,0,0,0,0,0,0,0,0,0,6,0,0,4.0,0,5,0,0,0,0,0,0,0,0,0,0,69,0,0,2.5,1,0,0,0,0,0,0,0,0,0,0,0,84,0,0,1.5,0,1,0,0,0,0,0,0,0,0,0,0
124,0,84,5,0,9,9.5,0,5,5,6,10,10,8,3,10,6,1,0,50,1,9,9.0,1,6,5,10,6,5,5,6,4,2,6,0,49,1,9,9.5,0,1,10,10,8,3,1,7,4,2,3,0,91,0,9,9.5,0,9,3,4,5,10,10,3,9,7,7,0,100,0,9,9.0,1,0,8,7,3,3,10,9,5,1,4,0
124,1,84,0,0,8,9.0,0,5,6,10,10,8,3,10,6,1,0,0,45,1,8,8.5,0,5,10,6,5,5,6,4,2,6,0,0,39,1,8,9.0,0,10,10,8,3,1,7,4,2,3,0,0,88,0,8,9.0,0,3,4,5,10,10,3,9,7,7,0,0,92,0,8,8.5,0,8,7,3,3,10,9,5,1,4,0,0
124,2,64,0,0,7,8.0,1,0,10,10,8,3,10,6,1,0,0,0,45,1,7,7.5,1,10,6,5,5,6,4,2,6,0,0,0,29,1,7,8.5,0,10,8,3,1,7,4,2,3,0,0,0,88,0,7,8.0,1,0,5,10,10,3,9,7,7,0,0,0,85,0,7,8.0,0,7,3,3,10,9,5,1,4,0,0,0
124,3,53,0,0,6,7.5,0,0,10,8,3,10,6,1,0,0,0,0,39,1,6,7.0,0,6,5,5,6,4,2,6,0,0,0,0,29,1,6,7.5,1,8,3,1,7,4,2,3,0,0,0,0,83,0,6,7.5,0,5,10,10,3,9,7,7,0,0,0,0,85,0,6,7.0,1,0,3,10,9,5,1,4,0,0,0,0
124,4,40,0,0,5,7.0,0,0,8,3,10,6,1,0,0,0,0,0,34,1,5,6.5,0,5,5,6,4,2,6,0,0,0,0,0,29,1,5,6.5,1,3,1,7,4,2,3,0,0,0,0,0,83,0,5,6.5,1,0,10,3,9,7,7,0,0,0,0,0,82,0,5,6.5,0,3,10,9,5,1,4,0,0,0,0,0
124,5,22,0,0,4,6.0,1,0,3,10,6,1,0,0,0,0,0,0,29,1,4,6.0,0,5,6,4,2,6,0,0,0,0,0,0,28,1,4,6.0,0,1,7,4,2,3,0,0,0,0,0,0,83,0,4,5.5,1,0,3,9,7,7,0,0,0,0,0,0,72,0,4,6.0,0,10,9,5,1,4,0,0,0,0,0,0
124,6,22,0,0,3,5.5,0,0,10,6,1,0,0,0,0,0,0,0,23,1,3,5.5,0,6,4,2,6,0,0,0,0,0,0,0,21,1,3,5.5,0,7,4,2,3,0,0,0,0,0,0,0,80,1,3,5.0,0,3,9,7,7,0,0,0,0,0,0,0,63,1,3,5.5,0,9,5,1,4,0,0,0,0,0,0,0
124,7,12,0,0,2,4.5,1,0,6,1,0,0,0,0,0,0,0,0,19,1,2,5.0,0,4,2,6,0,0,0,0,0,0,0,0,17,1,2,5.0,0,4,2,3,0,0,0,0,0,0,0,0,71,1,2,4.5,0,9,7,7,0,0,0,0,0,0,0,0,58,1,2,5.0,0,5,1,4,0,0,0,0,0,0,0,0
124,8,6,0,0,1,3.5,1,0,1,0,0,0,0,0,0,0,0,0,17,1,1,4.5,0,2,6,0,0,0,0,0,0,0,0,0,15,1,1,4.5,0,2,3,0,0,0,0,0,0,0,0,0,64,1,1,4.0,0,7,7,0,0,0,0,0,0,0,0,0,57,1,1,4.5,0,1,4,0,0,0,0,0,0,0,0,0
124,9,2,0,0,0,3.0,0,0,0,0,0,0,0,0,0,0,0,0,11,1,0,4.0,0,6,0,0,0,0,0,0,0,0,0,0,12,1,0,4.0,0,3,0,0,0,0,0,0,0,0,0,0,57,1,0,3.5,0,7,0,0,0,0,0,0,0,0,0,0,57,1,0,3.5,1,4,0,0,0,0,0,0,0,0,0,0
125,0,86,4,0,9,9.5,0,6,8,2,6,2,1,8,10,5,4,0,50,0,9,9.0,1,0,9,7,2,4,4,2,8,5,2,0,47,0,9,9.5,0,3,10,6,6,10,4,6,2,3,3,0,100,1,9,9.0,1,10,3,6,5,1,10,7,1,5,10,0,94,1,9,9.5,0,6,10,3,9,4,10,7,5,4,1,0
125,1,77,0,0,8,9.0,0,0,2,6,2,1,8,10,5,4,0,0,50,1,8,8.0,1,0,7,2,4,4,2,8,5,2,0,0,37,0,8,9.0,0,10,6,6,10,4,6,2,3,3,0,0,97,1,8,8.5,0,3,6,5,1,10,7,1,5,10,0,0,84,1,8,9.0,0,10,3,9,4,10,7,5,4,1,0,0
125,2,77,0,0,7,8.5,0,0,6,2,1,8,10,5,4,0,0,0,43,1,7,7.5,0,7,2,4,4,2,8,5,2,0,0,0,31,0,7,8.5,0,6,6,10,4,6,2,3,3,0,0,0,91,1,7,8.0,0,6,5,1,10,7,1,5,10,0,0,0,81,1,7,8.5,0,3,9,4,10,7,5,4,1,0,0,0
125,3,71,0,1,6,7.5,1,0,2,1,8,10,5,4,0,0,0,0,41,1,6,7.0,0,2,4,4,2,8,5,2,0,0,0,0,25,0,6,8.0,0,6,10,4,6,2,3,3,0,0,0,0,86,1,6,7.5,0,5,1,10,7,1,5,10,0,0,0,0,72,1,6,8.0,0,9,4,10,7,5,4,1,0,0,0,0
125,4,71,0,1,5,7.0,0,0,1,8,10,5,4,0,0,0,0,0,37,1,5,6.5,0,4,4,2,8,5,2,0,0,0,0,0,15,0,5,7.5,0,10,4,6,2,3,3,0,0,0,0,0,85,1,5,7.0,0,1,10,7,1,5,10,0,0,0,0,0,68,1,5,7.5,0,4,10,7,5,4,1,0,0,0,0,0
125,5,60,0,1,4,6.0,1,0,8,10,5,4,0,0,0,0,0,0,33,1,4,6.0,0,4,2,8,5,2,0,0,0,0,0,0,11,0,4,7.0,0,4,6,2,3,3,0,0,0,0,0,0,85,1,4,6.0,1,10,7,1,5,10,0,0,0,0,0,0,58,1,4,7.0,0,10,7,5,4,1,0,0,0,0,0,0
125,6,46,0,1,3,5.0,1,0,10,5,4,0,0,0,0,0,0,0,31,1,3,5.5,0,2,8,5,2,0,0,0,0,0,0,0,11,0,3,6.0,1,0,2,3,3,0,0,0,0,0,0,0,78,1,3,5.5,0,7,1,5,10,0,0,0,0,0,0,0,51,1,3,6.5,0,7,5,4,1,0,0,0,0,0,0,0
125,7,23,0,1,2,4.0,1,0,5,4,0,0,0,0,0,0,0,0,31,1,2,4.5,1,8,5,2,0,0,0,0,0,0,0,0,9,0,2,5.5,0,2,3,3,0,0,0,0,0,0,0,0,77,1,2,5.0,0,1,5,10,0,0,0,0,0,0,0,0,51,1,2,5.5,1,5,4,1,0,0,0,0,0,0,0,0
125,8,20,0,1,1,3.5,0,0,4,0,0,0,0,0,0,0,0,0,26,1,1,4.0,0,5,2,0,0,0,0,0,0,0,0,0,9,0,1,4.5,1,0,3,0,0,0,0,0,0,0,0,0,72,1,1,4.5,0,5,10,0,0,0,0,0,0,0,0,0,47,0,1,5.0,0,4,1,0,0,0,0,0,0,0,0,0
125,9,4,0,1,0,2.5,1,0,0,0,0,0,0,0,0,0,0,0,26,1,0,3.0,1,2,0,0,0,0,0,0,0,0,0,0,6,0,0,4.0,0,3,0,0,0,0,0,0,0,0,0,0,72,1,0,3.5,1,10,0,0,0,0,0,0,0,0,0,0,46,1,0,4.5,0,1,0,0,0,0,0,0,0,0,0,0
126,0,82,9,1,9,9.5,0,1,7,5,3,4,5,6,5,5,3,0,42,1,9,9.5,0,8,10,5,9,7,9,8,5,10,10,0,50,0,9,9.0,1,0,8,2,6,9,4,3,9,10,2,0,100,1,9,9.0,1,10,8,7,3,10,2,3,10,2,4,0,100,1,9,9.0,1,4,3,1,4,10,1,2,5,5,10,0
126,1,74,2,1,8,9.0,0,7,5,3,4,5,6,5,5,3,0,0,32,1,8,9.0,0,10,5,9,7,9,8,5,10,10,0,0,42,1,8,8.5,0,8,2,6,9,4,3,9,10,2,0,0,100,1,8,8.0,1,8,7,3,10,2,3,10,2,4,0,0,97,1,8,8.5,0,3,1,4,10,1,2,5,5,10,0,0
126,2,74,0,1,7,8.5,0,0,3,4,5,6,5,5,3,0,0,0,27,1,7,8.5,0,5,9,7,9,8,5,10,10,0,0,0,40,1,7,8.0,0,2,6,9,4,3,9,10,2,0,0,0,93,1,7,7.5,0,7,3,10,2,3,10,2,4,0,0,0,96,1,7,8.0,0,1,4,10,1,2,5,5,10,0,0,0
126,3,71,0,1,6,8.0,0,0,4,5,6,5,5,3,0,0,0,0,18,1,6,8.0,0,9,7,9,8,5,10,10,0,0,0,0,34,1,6,7.5,0,6,9,4,3,9,10,2,0,0,0,0,93,1,6,6.5,1,3,10,2,3,10,2,4,0,0,0,0,92,1,6,7.5,0,4,10,1,2,5,5,10,0,0,0,0
126,4,61,0,1,5,7.5,0,0,5,6,5,5,3,0,0,0,0,0,11,1,5,7.5,0,7,9,8,5,10,10,0,0,0,0,0,25,1,5,7.0,0,9,4,3,9,10,2,0,0,0,0,0,93,1,5,5.5,1,10,2,3,10,2,4,0,0,0,0,0,82,1,5,7.0,0,10,1,2,5,5,10,0,0,0,0,0
126,5,51,0,0,4,7.0,0,0,6,5,5,3,0,0,0,0,0,0,11,1,4,6.5,1,9,8,5,10,10,0,0,0,0,0,0,21,1,4,6.5,0,4,3,9,10,2,0,0,0,0,0,0,91,1,4,5.0,0,2,3,10,2,4,0,0,0,0,0,0,82,0,4,6.0,1,1,2,5,5,10,0,0,0,0,0,0
126,6,34,0,1,3,6.0,1,0,5,5,3,0,0,0,0,0,0,0,11,1,3,5.5,1,8,5,10,10,0,0,0,0,0,0,0,21,1,3,5.5,1,3,9,10,2,0,0,0,0,0,0,0,88,1,3,4.5,0,3,10,2,4,0,0,0,0,0,0,0,80,0,3,5.5,0,2,5,5,10,0,0,0,0,0,0,0
126,7,14,0,1,2,5.0,1,0,5,3,0,0,0,0,0,0,0,0,6,0,2,5.0,0,5,10,10,0,0,0,0,0,0,0,0,12,1,2,5.0,0,9,10,2,0,0,0,0,0,0,0,0,88,1,2,3.5,1,10,2,4,0,0,0,0,0,0,0,0,80,1,2,4.5,1,0,5,10,0,0,0,0,0,0,0,0
126,8,7,0,1,1,4.0,1,0,3,0,0,0,0,0,0,0,0,0,0,0,1,4.5,0,0,10,0,0,0,0,0,0,0,0,0,2,1,1,4.5,0,10,2,0,0,0,0,0,0,0,0,0,88,1,1,2.5,1,2,4,0,0,0,0,0,0,0,0,0,75,1,1,4.0,0,5,10,0,0,0,0,0,0,0,0,0
126,9,0,0,1,0,3.5,0,0,0,0,0,0,0,0,0,0,0,0,0,0,0,4.0,0,0,0,0,0,0,0,0,0,0,0,0,0,0,0,4.0,0,2,0,0,0,0,0,0,0,0,0,0,84,1,0,2.0,0,4,0,0,0,0,0,0,0,0,0,0,75,1,0,3.0,1,0,0,0,0,0,0,0,0,0,0,0
127,0,100,5,0,9,9.5,0,5,3,2,5,3,6,1,9,2,7,0,43,0,9,9.5,0,7,1,5,10,9,3,5,8,1,4,0,41,0,9,9.5,0,9,2,9,10,7,1,2,4,9,6,0,92,1,9,9.5,0,8,4,6,8,8,4,7,4,10,8,0,98,1,9,9.5,0,2,6,4,2,8,9,6,10,6,10,0
127,1,88,5,0,8,8.5,1,0,2,5,3,6,1,9,2,7,0,0,43,0,8,8.5,1,0,5,10,9,3,5,8,1,4,0,0,41,0,8,8.5,1,0,9,10,7,1,2,4,9,6,0,0,88,1,8,9.0,0,4,6,8,8,4,7,4,10,8,0,0,98,1,8,8.5,1,6,4,2,8,9,6,10,6,10,0,0
127,2,72,5,0,7,7.5,1,0,5,3,6,1,9,2,7,0,0,0,43,0,7,7.5,1,0,10,9,3,5,8,1,4,0,0,0,41,0,7,7.5,1,0,10,7,1,2,4,9,6,0,0,0,82,1,7,8.5,0,6,8,8,4,7,4,10,8,0,0,0,94,0,7,8.0,0,4,2,8,9,6,10,6,10,0,0,0
127,3,54,0,0,6,7.0,0,5,3,6,1,9,2,7,0,0,0,0,43,0,6,6.5,1,0,9,3,5,8,1,4,0,0,0,0,31,0,6,7.0,0,10,7,1,2,4,9,6,0,0,0,0,82,1,6,7.5,1,8,8,4,7,4,10,8,0,0,0,0,92,0,6,7.5,0,2,8,9,6,10,6,10,0,0,0,0
127,4,44,0,0,5,6.0,1,0,6,1,9,2,7,0,0,0,0,0,34,0,5,6.0,0,9,3,5,8,1,4,0,0,0,0,0,31,0,5,6.0,1,0,1,2,4,9,6,0,0,0,0,0,74,0,5,7.0,0,8,4,7,4,10,8,0,0,0,0,0,84,0,5,7.0,0,8,9,6,10,6,10,0,0,0,0,0
127,5,38,0,0,4,5.0,1,0,1,9,2,7,0,0,0,0,0,0,31,0,4,5.5,0,3,5,8,1,4,0,0,0,0,0,0,30,0,4,5.5,0,1,2,4,9,6,0,0,0,0,0,0,70,0,4,6.5,0,4,7,4,10,8,0,0,0,0,0,0,75,1,4,6.5,0,9,6,10,6,10,0,0,0,0,0,0
127,6,25,0,0,3,4.5,0,0,9,2,7,0,0,0,0,0,0,0,26,0,3,5.0,0,5,8,1,4,0,0,0,0,0,0,0,28,0,3,5.0,0,2,4,9,6,0,0,0,0,0,0,0,70,0,3,5.5,1,0,4,10,8,0,0,0,0,0,0,0,75,1,3,5.5,1,6,10,6,10,0,0,0,0,0,0,0
127,7,8,0,0,2,3.5,1,0,2,7,0,0,0,0,0,0,0,0,26,0,2,4.0,1,0,1,4,0,0,0,0,0,0,0,0,24,0,2,4.5,0,4,9,6,0,0,0,0,0,0,0,0,66,0,2,5.0,0,4,10,8,0,0,0,0,0,0,0,0,65,1,2,5.0,0,10,6,10,0,0,0,0,0,0,0,0
127,8,5,0,0,1,2.5,1,0,7,0,0,0,0,0,0,0,0,0,26,0,1,3.0,1,0,4,0,0,0,0,0,0,0,0,0,15,0,1,4.0,0,9,6,0,0,0,0,0,0,0,0,0,56,1,1,4.5,0,10,8,0,0,0,0,0,0,0,0,0,59,0,1,4.5,0,6,10,0,0,0,0,0,0,0,0,0
127,9,0,0,0,0,1.5,1,0,0,0,0,0,0,0,0,0,0,0,22,0,0,2.5,0,4,0,0,0,0,0,0,0,0,0,0,9,0,0,3.5,0,6,0,0,0,0,0,0,0,0,0,0,48,1,0,4.0,0,8,0,0,0,0,0,0,0,0,0,0,49,0,0,4.0,0,10,0,0,0,0,0,0,0,0,0,0
128,0,91,0,1,9,9.5,0,10,1,9,4,2,4,7,1,9,8,0,43,0,9,9.5,0,7,2,6,5,8,4,6,4,10,8,0,40,1,9,9.5,0,10,6,9,6,8,7,3,10,10,5,0,100,1,9,9.0,1,2,8,1,5,10,4,1,1,4,6,0,100,1,9,9.0,1,7,8,5,2,7,4,7,8,2,7,0
128,1,82,0,1,8,8.5,1,0,9,4,2,4,7,1,9,8,0,0,43,1,8,8.5,1,0,6,5,8,4,6,4,10,8,0,0,40,1,8,8.5,1,6,9,6,8,7,3,10,10,5,0,0,92,1,8,8.5,0,8,1,5,10,4,1,1,4,6,0,0,92,1,8,8.5,0,8,5,2,7,4,7,8,2,7,0,0
128,2,77,0,1,7,8.0,0,0,4,2,4,7,1,9,8,0,0,0,37,1,7,8.0,0,6,5,8,4,6,4,10,8,0,0,0,31,1,7,8.0,0,9,6,8,7,3,10,10,5,0,0,0,91,1,7,8.0,0,1,5,10,4,1,1,4,6,0,0,0,92,1,7,7.5,1,5,2,7,4,7,8,2,7,0,0,0
128,3,73,0,1,6,7.0,1,0,2,4,7,1,9,8,0,0,0,0,32,1,6,7.5,0,5,8,4,6,4,10,8,0,0,0,0,25,1,6,7.5,0,6,8,7,3,10,10,5,0,0,0,0,86,1,6,7.5,0,5,10,4,1,1,4,6,0,0,0,0,90,1,6,7.0,0,2,7,4,7,8,2,7,0,0,0,0
128,4,63,0,1,5,6.5,0,0,4,7,1,9,8,0,0,0,0,0,24,1,5,7.0,0,8,4,6,4,10,8,0,0,0,0,0,17,1,5,7.0,0,8,7,3,10,10,5,0,0,0,0,0,86,0,5,6.5,1,10,4,1,1,4,6,0,0,0,0,0,83,0,5,6.5,0,7,4,7,8,2,7,0,0,0,0,0
128,5,48,0,1,4,6.0,0,0,7,1,9,8,0,0,0,0,0,0,24,1,4,6.0,1,4,6,4,10,8,0,0,0,0,0,0,17,1,4,6.0,1,7,3,10,10,5,0,0,0,0,0,0,82,0,4,6.0,0,4,1,1,4,6,0,0,0,0,0,0,83,0,4,5.5,1,0,7,8,2,7,0,0,0,0,0,0
128,6,34,0,1,3,5.5,0,0,1,9,8,0,0,0,0,0,0,0,24,1,3,5.0,1,6,4,10,8,0,0,0,0,0,0,0,14,1,3,5.5,0,3,10,10,5,0,0,0,0,0,0,0,82,0,3,5.0,1,0,1,4,6,0,0,0,0,0,0,0,83,1,3,4.5,1,0,8,2,7,0,0,0,0,0,0,0
128,7,33,0,1,2,4.5,1,0,9,8,0,0,0,0,0,0,0,0,20,0,2,4.5,0,4,10,8,0,0,0,0,0,0,0,0,4,1,2,5.0,0,10,10,5,0,0,0,0,0,0,0,0,81,1,2,4.5,0,1,4,6,0,0,0,0,0,0,0,0,75,1,2,4.0,0,8,2,7,0,0,0,0,0,0,0,0
128,8,31,0,1,1,4.0,0,0,8,0,0,0,0,0,0,0,0,0,10,0,1,4.0,0,10,8,0,0,0,0,0,0,0,0,0,0,1,1,4.5,0,0,5,0,0,0,0,0,0,0,0,0,77,1,1,4.0,0,4,6,0,0,0,0,0,0,0,0,0,75,1,1,3.0,1,2,7,0,0,0,0,0,0,0,0,0
128,9,12,0,1,0,3.0,1,0,0,0,0,0,0,0,0,0,0,0,2,0,0,3.5,0,8,0,0,0,0,0,0,0,0,0,0,0,1,0,3.5,1,0,0,0,0,0,0,0,0,0,0,0,77,1,0,3.0,1,6,0,0,0,0,0,0,0,0,0,0,68,1,0,2.5,0,7,0,0,0,0,0,0,0,0,0,0
129,0,93,10,1,9,9.0,1,4,2,9,3,8,8,1,2,10,5,0,46,0,9,9.5,0,4,4,4,4,7,6,10,5,4,9,0,40,0,9,9.5,0,10,8,5,8,7,10,3,6,7,4,0,100,0,9,9.0,1,0,8,2,3,3,7,1,4,6,5,0,99,1,9,9.5,0,1,3,2,2,7,6,6,4,3,3,0
129,1,93,8,1,8,8.5,0,2,9,3,8,8,1,2,10,5,0,0,42,0,8,9.0,0,4,4,4,7,6,10,5,4,9,0,0,32,1,8,9.0,0,8,5,8,7,10,3,6,7,4,0,0,92,0,8,8.5,0,8,2,3,3,7,1,4,6,5,0,0,96,1,8,9.0,0,3,2,2,7,6,6,4,3,3,0,0
129,2,84,0,1,7,8.0,0,0,3,8,8,1,2,10,5,0,0,0,42,0,7,8.0,1,0,4,7,6,10,5,4,9,0,0,0,32,1,7,8.0,1,5,8,7,10,3,6,7,4,0,0,0,90,0,7,8.0,0,2,3,3,7,1,4,6,5,0,0,0,94,0,7,8.5,0,2,2,7,6,6,4,3,3,0,0,0
129,3,71,0,1,6,7.5,0,0,8,8,1,2,10,5,0,0,0,0,38,0,6,7.5,0,4,7,6,10,5,4,9,0,0,0,0,32,1,6,7.0,1,8,7,10,3,6,7,4,0,0,0,0,90,1,6,7.0,1,0,3,7,1,4,6,5,0,0,0,0,94,1,6,7.5,1,0,7,6,6,4,3,3,0,0,0,0
129,4,71,0,1,5,7.0,0,0,8,1,2,10,5,0,0,0,0,0,31,0,5,7.0,0,7,6,10,5,4,9,0,0,0,0,0,25,1,5,6.5,0,7,10,3,6,7,4,0,0,0,0,0,87,1,5,6.5,0,3,7,1,4,6,5,0,0,0,0,0,87,1,5,7.0,0,7,6,6,4,3,3,0,0,0,0,0
129,5,71,0,1,4,6.5,0,0,1,2,10,5,0,0,0,0,0,0,25,0,4,6.5,0,6,10,5,4,9,0,0,0,0,0,0,15,1,4,6.0,0,10,3,6,7,4,0,0,0,0,0,0,80,1,4,6.0,0,7,1,4,6,5,0,0,0,0,0,0,81,0,4,6.5,0,6,6,4,3,3,0,0,0,0,0,0
129,6,55,0,1,3,6.0,0,0,2,10,5,0,0,0,0,0,0,0,25,0,3,5.5,1,0,5,4,9,0,0,0,0,0,0,0,12,1,3,5.5,0,3,6,7,4,0,0,0,0,0,0,0,79,1,3,5.5,0,1,4,6,5,0,0,0,0,0,0,0,81,0,3,5.5,1,0,4,3,3,0,0,0,0,0,0,0
129,7,51,0,0,2,5.5,0,0,10,5,0,0,0,0,0,0,0,0,20,0,2,5.0,0,5,4,9,0,0,0,0,0,0,0,0,6,1,2,5.0,0,6,7,4,0,0,0,0,0,0,0,0,75,1,2,5.0,0,4,6,5,0,0,0,0,0,0,0,0,81,0,2,4.5,1,0,3,3,0,0,0,0,0,0,0,0
129,8,31,0,0,1,4.5,1,0,5,0,0,0,0,0,0,0,0,0,16,0,1,4.5,0,4,9,0,0,0,0,0,0,0,0,0,6,1,1,4.0,1,0,4,0,0,0,0,0,0,0,0,0,69,1,1,4.5,0,6,5,0,0,0,0,0,0,0,0,0,81,1,1,3.5,1,0,3,0,0,0,0,0,0,0,0,0
129,9,31,0,0,0,4.0,0,0,0,0,0,0,0,0,0,0,0,0,7,0,0,4.0,0,9,0,0,0,0,0,0,0,0,0,0,2,0,0,3.5,0,4,0,0,0,0,0,0,0,0,0,0,64,1,0,4.0,0,5,0,0,0,0,0,0,0,0,0,0,78,1,0,3.0,0,3,0,0,0,0,0,0,0,0,0,0
130,0,97,9,0,9,9.5,0,1,10,9,2,8,10,10,8,4,9,0,50,1,9,9.0,1,3,7,10,9,4,7,2,5,2,7,0,47,1,9,9.5,0,3,2,4,2,7,4,6,10,7,8,0,90,1,9,9.5,0,10,2,9,7,2,2,9,2,3,6,0,96,0,9,9.5,0,4,9,2,8,7,1,6,4,1,2,0
130,1,97,0,0,8,9.0,0,0,9,2,8,10,10,8,4,9,0,0,43,1,8,8.5,0,7,10,9,4,7,2,5,2,7,0,0,45,1,8,9.0,0,2,4,2,7,4,6,10,7,8,0,0,88,1,8,9.0,0,2,9,7,2,2,9,2,3,6,0,0,87,0,8,9.0,0,9,2,8,7,1,6,4,1,2,0,0
130,2,78,0,0,7,8.0,1,0,2,8,10,10,8,4,9,0,0,0,43,1,7,7.5,1,10,9,4,7,2,5,2,7,0,0,0,41,1,7,8.5,0,4,2,7,4,6,10,7,8,0,0,0,79,1,7,8.5,0,9,7,2,2,9,2,3,6,0,0,0,85,0,7,8.5,0,2,8,7,1,6,4,1,2,0,0,0
130,3,67,0,0,6,7.0,1,0,8,10,10,8,4,9,0,0,0,0,43,1,6,6.5,1,9,4,7,2,5,2,7,0,0,0,0,39,1,6,8.0,0,2,7,4,6,10,7,8,0,0,0,0,72,1,6,8.0,0,7,2,2,9,2,3,6,0,0,0,0,77,0,6,8.0,0,8,7,1,6,4,1,2,0,0,0,0
130,4,67,0,1,5,6.5,0,0,10,10,8,4,9,0,0,0,0,0,39,1,5,6.0,0,4,7,2,5,2,7,0,0,0,0,0,32,1,5,7.5,0,7,4,6,10,7,8,0,0,0,0,0,70,1,5,7.5,0,2,2,9,2,3,6,0,0,0,0,0,70,0,5,7.5,0,7,1,6,4,1,2,0,0,0,0,0
130,5,57,0,1,4,5.5,1,0,10,8,4,9,0,0,0,0,0,0,32,1,4,5.5,0,7,2,5,2,7,0,0,0,0,0,0,28,1,4,7.0,0,4,6,10,7,8,0,0,0,0,0,0,68,1,4,7.0,0,2,9,2,3,6,0,0,0,0,0,0,69,1,4,7.0,0,1,6,4,1,2,0,0,0,0,0,0
130,6,49,0,1,3,5.0,0,0,8,4,9,0,0,0,0,0,0,0,32,0,3,4.5,1,2,5,2,7,0,0,0,0,0,0,0,28,1,3,6.0,1,6,10,7,8,0,0,0,0,0,0,0,59,1,3,6.5,0,9,2,3,6,0,0,0,0,0,0,0,63,1,3,6.5,0,6,4,1,2,0,0,0,0,0,0,0
130,7,41,0,1,2,4.0,1,0,4,9,0,0,0,0,0,0,0,0,27,0,2,4.0,0,5,2,7,0,0,0,0,0,0,0,0,18,1,2,5.5,0,10,7,8,0,0,0,0,0,0,0,0,57,1,2,6.0,0,2,3,6,0,0,0,0,0,0,0,0,59,1,2,6.0,0,4,1,2,0,0,0,0,0,0,0,0
130,8,39,0,1,1,3.5,0,0,9,0,0,0,0,0,0,0,0,0,27,1,1,3.0,1,0,7,0,0,0,0,0,0,0,0,0,11,1,1,5.0,0,7,8,0,0,0,0,0,0,0,0,0,54,1,1,5.5,0,3,6,0,0,0,0,0,0,0,0,0,58,0,1,5.5,0,1,2,0,0,0,0,0,0,0,0,0
130,9,22,0,1,0,2.5,1,0,0,0,0,0,0,0,0,0,0,0,20,1,0,2.5,0,7,0,0,0,0,0,0,0,0,0,0,11,1,0,4.0,1,8,0,0,0,0,0,0,0,0,0,0,48,1,0,5.0,0,6,0,0,0,0,0,0,0,0,0,0,56,0,0,5.0,0,2,0,0,0,0,0,0,0,0,0,0
131,0,91,10,1,9,9.0,1,5,6,4,2,7,5,9,1,1,5,0,50,1,9,9.0,1,4,5,4,3,8,3,1,3,3,6,0,44,0,9,9.5,0,6,6,9,8,4,1,10,4,7,4,0,97,0,9,9.5,0,3,3,3,3,3,10,7,4,2,9,0,93,0,9,9.5,0,7,10,9,6,5,2,5,8,8,4,0
131,1,78,4,1,8,8.5,0,6,4,2,7,5,9,1,1,5,0,0,45,1,8,8.5,0,5,4,3,8,3,1,3,3,6,0,0,38,0,8,9.0,0,6,9,8,4,1,10,4,7,4,0,0,97,0,8,8.5,1,0,3,3,3,10,7,4,2,9,0,0,93,0,8,8.5,1,0,9,6,5,2,5,8,8,4,0,0
131,2,78,0,1,7,8.0,0,4,2,7,5,9,1,1,5,0,0,0,41,1,7,8.0,0,4,3,8,3,1,3,3,6,0,0,0,29,0,7,8.5,0,9,8,4,1,10,4,7,4,0,0,0,94,1,7,8.0,0,3,3,3,10,7,4,2,9,0,0,0,84,0,7,8.0,0,9,6,5,2,5,8,8,4,0,0,0
131,3,76,0,1,6,7.0,1,0,7,5,9,1,1,5,0,0,0,0,38,0,6,7.5,0,3,8,3,1,3,3,6,0,0,0,0,21,0,6,8.0,0,8,4,1,10,4,7,4,0,0,0,0,91,1,6,7.5,0,3,3,10,7,4,2,9,0,0,0,0,78,0,6,7.5,0,6,5,2,5,8,8,4,0,0,0,0
131,4,56,0,1,5,6.0,1,0,5,9,1,1,5,0,0,0,0,0,38,0,5,6.5,1,0,3,1,3,3,6,0,0,0,0,0,17,0,5,7.5,0,4,1,10,4,7,4,0,0,0,0,0,88,1,5,7.0,0,3,10,7,4,2,9,0,0,0,0,0,78,0,5,6.5,1,0,2,5,8,8,4,0,0,0,0,0
131,5,51,0,1,4,5.0,1,0,9,1,1,5,0,0,0,0,0,0,35,0,4,6.0,0,3,1,3,3,6,0,0,0,0,0,0,16,0,4,7.0,0,1,10,4,7,4,0,0,0,0,0,0,78,1,4,6.5,0,10,7,4,2,9,0,0,0,0,0,0,76,0,4,6.0,0,2,5,8,8,4,0,0,0,0,0,0
131,6,37,0,1,3,4.0,1,0,1,1,5,0,0,0,0,0,0,0,34,0,3,5.5,0,1,3,3,6,0,0,0,0,0,0,0,6,1,3,6.5,0,10,4,7,4,0,0,0,0,0,0,0,71,1,3,6.0,0,7,4,2,9,0,0,0,0,0,0,0,76,0,3,5.0,1,0,8,8,4,0,0,0,0,0,0,0
131,7,21,0,1,2,3.0,1,0,1,5,0,0,0,0,0,0,0,0,34,1,2,4.5,1,0,3,6,0,0,0,0,0,0,0,0,2,1,2,6.0,0,4,7,4,0,0,0,0,0,0,0,0,71,1,2,5.0,1,4,2,9,0,0,0,0,0,0,0,0,76,0,2,4.0,1,0,8,4,0,0,0,0,0,0,0,0
131,8,12,0,1,1,2.0,1,0,5,0,0,0,0,0,0,0,0,0,31,1,1,4.0,0,3,6,0,0,0,0,0,0,0,0,0,0,1,1,5.5,0,0,4,0,0,0,0,0,0,0,0,0,69,1,1,4.5,0,2,9,0,0,0,0,0,0,0,0,0,76,0,1,3.0,1,0,4,0,0,0,0,0,0,0,0,0
131,9,1,0,1,0,1.0,1,0,0,0,0,0,0,0,0,0,0,0,31,1,0,3.0,1,6,0,0,0,0,0,0,0,0,0,0,0,1,0,5.0,0,0,0,0,0,0,0,0,0,0,0,0,60,1,0,4.0,0,9,0,0,0,0,0,0,0,0,0,0,72,1,0,2.5,0,4,0,0,0,0,0,0,0,0,0,0
132,0,96,10,1,9,9.0,1,4,4,2,8,7,1,4,6,3,2,0,43,0,9,9.5,0,7,5,10,5,4,9,9,5,7,3,0,40,0,9,9.5,0,10,10,3,3,8,1,7,3,8,8,0,98,0,9,9.5,0,2,4,8,8,3,4,2,9,8,9,0,92,1,9,9.5,0,8,7,1,8,1,1,10,6,7,9,0
132,1,96,6,1,8,8.5,0,4,2,8,7,1,4,6,3,2,0,0,38,0,8,9.0,0,5,10,5,4,9,9,5,7,3,0,0,30,0,8,9.0,0,10,3,3,8,1,7,3,8,8,0,0,94,0,8,9.0,0,4,8,8,3,4,2,9,8,9,0,0,85,1,8,9.0,0,7,1,8,1,1,10,6,7,9,0,0
132,2,93,4,1,7,8.0,0,2,8,7,1,4,6,3,2,0,0,0,28,0,7,8.5,0,10,5,4,9,9,5,7,3,0,0,0,30,0,7,8.0,1,0,3,8,1,7,3,8,8,0,0,0,86,0,7,8.5,0,8,8,3,4,2,9,8,9,0,0,0,84,1,7,8.5,0,1,8,1,1,10,6,7,9,0,0,0
132,3,77,4,1,6,7.0,1,0,7,1,4,6,3,2,0,0,0,0,23,0,6,8.0,0,5,4,9,9,5,7,3,0,0,0,0,27,0,6,7.5,0,3,8,1,7,3,8,8,0,0,0,0,86,0,6,7.5,1,0,3,4,2,9,8,9,0,0,0,0,76,0,6,8.0,0,8,1,1,10,6,7,9,0,0,0,0
132,4,58,4,1,5,6.0,1,0,1,4,6,3,2,0,0,0,0,0,19,0,5,7.5,0,4,9,9,5,7,3,0,0,0,0,0,27,0,5,6.5,1,0,1,7,3,8,8,0,0,0,0,0,86,0,5,6.5,1,0,4,2,9,8,9,0,0,0,0,0,76,0,5,7.0,1,0,1,10,6,7,9,0,0,0,0,0
132,5,52,4,1,4,5.0,1,1,4,6,3,2,0,0,0,0,0,0,10,0,4,7.0,0,9,9,5,7,3,0,0,0,0,0,0,26,0,4,6.0,0,1,7,3,8,8,0,0,0,0,0,0,86,0,4,5.5,1,0,2,9,8,9,0,0,0,0,0,0,76,1,4,6.0,1,0,10,6,7,9,0,0,0,0,0,0
132,6,43,0,1,3,4.5,0,4,6,3,2,0,0,0,0,0,0,0,10,0,3,6.0,1,0,5,7,3,0,0,0,0,0,0,0,19,0,3,5.5,0,7,3,8,8,0,0,0,0,0,0,0,84,0,3,5.0,0,2,9,8,9,0,0,0,0,0,0,0,66,1,3,5.5,0,10,6,7,9,0,0,0,0,0,0,0
132,7,28,0,1,2,3.5,1,0,3,2,0,0,0,0,0,0,0,0,5,0,2,5.5,0,5,7,3,0,0,0,0,0,0,0,0,19,0,2,4.5,1,0,8,8,0,0,0,0,0,0,0,0,75,0,2,4.5,0,9,8,9,0,0,0,0,0,0,0,0,66,0,2,4.5,1,6,7,9,0,0,0,0,0,0,0,0
132,8,28,0,1,1,3.0,0,0,2,0,0,0,0,0,0,0,0,0,0,0,1,5.0,0,0,3,0,0,0,0,0,0,0,0,0,11,0,1,4.0,0,8,8,0,0,0,0,0,0,0,0,0,67,0,1,4.0,0,8,9,0,0,0,0,0,0,0,0,0,59,0,1,4.0,0,7,9,0,0,0,0,0,0,0,0,0
132,9,26,0,1,0,2.0,1,0,0,0,0,0,0,0,0,0,0,0,0,1,0,4.5,0,0,0,0,0,0,0,0,0,0,0,0,3,0,0,3.5,0,8,0,0,0,0,0,0,0,0,0,0,58,0,0,3.5,0,9,0,0,0,0,0,0,0,0,0,0,50,0,0,3.5,0,9,0,0,0,0,0,0,0,0,0,0
133,0,79,10,0,9,9.0,1,0,6,8,5,1,5,10,1,2,10,0,50,1,9,9.0,1,7,7,3,3,6,10,3,9,8,1,0,49,1,9,9.5,0,1,6,10,2,3,9,2,5,7,6,0,98,1,9,9.5,0,2,9,9,1,6,4,9,4,6,1,0,100,1,9,9.0,1,4,10,3,6,8,7,1,1,4,6,0
133,1,66,10,0,8,8.0,1,0,8,5,1,5,10,1,2,10,0,0,50,1,8,8.0,1,7,3,3,6,10,3,9,8,1,0,0,43,1,8,9.0,0,6,10,2,3,9,2,5,7,6,0,0,89,1,8,9.0,0,9,9,1,6,4,9,4,6,1,0,0,90,1,8,8.5,0,10,3,6,8,7,1,1,4,6,0,0
133,2,53,2,0,7,7.5,0,8,5,1,5,10,1,2,10,0,0,0,47,0,7,7.5,0,3,3,6,10,3,9,8,1,0,0,0,43,1,7,8.0,1,10,2,3,9,2,5,7,6,0,0,0,80,1,7,8.5,0,9,1,6,4,9,4,6,1,0,0,0,90,1,7,7.5,1,3,6,8,7,1,1,4,6,0,0,0
133,3,52,0,0,6,7.0,0,0,1,5,10,1,2,10,0,0,0,0,44,0,6,7.0,0,3,6,10,3,9,8,1,0,0,0,0,41,1,6,7.5,0,2,3,9,2,5,7,6,0,0,0,0,80,0,6,7.5,1,1,6,4,9,4,6,1,0,0,0,0,84,1,6,7.0,0,6,8,7,1,1,4,6,0,0,0,0
133,4,38,0,0,5,6.5,0,0,5,10,1,2,10,0,0,0,0,0,38,1,5,6.5,0,6,10,3,9,8,1,0,0,0,0,0,38,1,5,7.0,0,3,9,2,5,7,6,0,0,0,0,0,80,0,5,6.5,1,0,4,9,4,6,1,0,0,0,0,0,84,0,5,6.0,1,8,7,1,1,4,6,0,0,0,0,0
133,5,19,0,0,4,5.5,1,0,10,1,2,10,0,0,0,0,0,0,38,1,4,5.5,1,10,3,9,8,1,0,0,0,0,0,0,29,1,4,6.5,0,9,2,5,7,6,0,0,0,0,0,0,80,1,4,5.5,1,0,9,4,6,1,0,0,0,0,0,0,77,1,4,5.5,0,7,1,1,4,6,0,0,0,0,0,0
133,6,8,0,0,3,5.0,0,0,1,2,10,0,0,0,0,0,0,0,35,1,3,5.0,0,3,9,8,1,0,0,0,0,0,0,0,29,1,3,5.5,1,2,5,7,6,0,0,0,0,0,0,0,80,1,3,4.5,1,9,4,6,1,0,0,0,0,0,0,0,76,1,3,5.0,0,1,1,4,6,0,0,0,0,0,0,0
133,7,2,0,0,2,4.0,1,0,2,10,0,0,0,0,0,0,0,0,26,1,2,4.5,0,9,8,1,0,0,0,0,0,0,0,0,24,1,2,5.0,0,5,7,6,0,0,0,0,0,0,0,0,80,1,2,3.5,1,4,6,1,0,0,0,0,0,0,0,0,76,1,2,4.0,1,1,4,6,0,0,0,0,0,0,0,0
133,8,0,0,0,1,3.0,1,0,10,0,0,0,0,0,0,0,0,0,18,1,1,4.0,0,8,1,0,0,0,0,0,0,0,0,0,17,1,1,4.5,0,7,6,0,0,0,0,0,0,0,0,0,74,1,1,3.0,0,6,1,0,0,0,0,0,0,0,0,0,76,1,1,3.0,1,0,6,0,0,0,0,0,0,0,0,0
133,9,0,0,0,0,2.0,1,0,0,0,0,0,0,0,0,0,0,0,17,1,0,3.5,0,1,0,0,0,0,0,0,0,0,0,0,17,1,0,3.5,1,0,0,0,0,0,0,0,0,0,0,0,73,1,0,2.5,0,1,0,0,0,0,0,0,0,0,0,0,70,1,0,2.5,0,6,0,0,0,0,0,0,0,0,0,0
134,0,78,10,0,9,9.0,1,0,9,6,5,6,2,4,3,1,6,0,50,1,9,9.0,1,8,9,6,8,3,7,3,4,2,9,0,50,0,9,9.0,1,0,5,1,8,10,9,3,9,3,10,0,100,0,9,9.0,1,7,5,7,1,4,4,7,3,6,3,0,92,1,9,9.5,0,8,7,1,3,8,5,5,3,10,7,0
134,1,64,10,0,8,8.0,1,0,6,5,6,2,4,3,1,6,0,0,41,1,8,8.5,0,9,6,8,3,7,3,4,2,9,0,0,45,0,8,8.5,0,5,1,8,10,9,3,9,3,10,0,0,100,0,8,8.0,1,0,7,1,4,4,7,3,6,3,0,0,85,1,8,9.0,0,7,1,3,8,5,5,3,10,7,0,0
134,2,49,10,0,7,7.0,1,0,5,6,2,4,3,1,6,0,0,0,35,1,7,8.0,0,6,8,3,7,3,4,2,9,0,0,0,45,0,7,7.5,1,0,8,10,9,3,9,3,10,0,0,0,100,0,7,7.0,1,0,1,4,4,7,3,6,3,0,0,0,85,1,7,8.0,1,1,3,8,5,5,3,10,7,0,0,0
134,3,44,10,1,6,6.0,1,0,6,2,4,3,1,6,0,0,0,0,27,0,6,7.5,0,8,3,7,3,4,2,9,0,0,0,0,37,0,6,7.0,0,8,10,9,3,9,3,10,0,0,0,0,99,0,6,6.5,0,1,4,4,7,3,6,3,0,0,0,0,82,0,6,7.5,0,3,8,5,5,3,10,7,0,0,0,0
134,4,38,10,1,5,5.0,1,6,2,4,3,1,6,0,0,0,0,0,24,0,5,7.0,0,3,7,3,4,2,9,0,0,0,0,0,27,0,5,6.5,0,10,9,3,9,3,10,0,0,0,0,0,95,0,5,6.0,0,4,4,7,3,6,3,0,0,0,0,0,74,1,5,7.0,0,8,5,5,3,10,7,0,0,0,0,0
134,5,23,10,1,4,4.0,1,2,4,3,1,6,0,0,0,0,0,0,17,0,4,6.5,0,7,3,4,2,9,0,0,0,0,0,0,27,0,4,5.5,1,0,3,9,3,10,0,0,0,0,0,0,95,1,4,5.0,1,0,7,3,6,3,0,0,0,0,0,0,69,1,4,6.5,0,5,5,3,10,7,0,0,0,0,0,0
134,6,16,10,1,3,3.0,1,4,3,1,6,0,0,0,0,0,0,0,17,0,3,5.5,1,0,4,2,9,0,0,0,0,0,0,0,24,0,3,5.0,0,3,9,3,10,0,0,0,0,0,0,0,88,0,3,4.5,0,7,3,6,3,0,0,0,0,0,0,0,64,1,3,6.0,0,5,3,10,7,0,0,0,0,0,0,0
134,7,10,10,1,2,2.0,1,3,1,6,0,0,0,0,0,0,0,0,13,0,2,5.0,0,4,2,9,0,0,0,0,0,0,0,0,15,0,2,4.5,0,9,3,10,0,0,0,0,0,0,0,0,88,0,2,3.5,1,0,6,3,0,0,0,0,0,0,0,0,61,1,2,5.5,0,3,10,7,0,0,0,0,0,0,0,0
134,8,0,10,1,1,1.0,1,1,6,0,0,0,0,0,0,0,0,0,11,0,1,4.5,0,2,9,0,0,0,0,0,0,0,0,0,15,0,1,3.5,1,0,10,0,0,0,0,0,0,0,0,0,88,0,1,2.5,1,0,3,0,0,0,0,0,0,0,0,0,51,1,1,5.0,0,10,7,0,0,0,0,0,0,0,0,0
134,9,0,4,1,0,0.5,0,6,0,0,0,0,0,0,0,0,0,0,2,0,0,4.0,0,9,0,0,0,0,0,0,0,0,0,0,5,1,0,3.0,0,10,0,0,0,0,0,0,0,0,0,0,85,0,0,2.0,0,3,0,0,0,0,0,0,0,0,0,0,44,1,0,4.5,0,7,0,0,0,0,0,0,0,0,0,0
135,0,93,10,1,9,9.0,1,7,3,3,10,5,8,5,1,8,8,0,40,1,9,9.5,0,10,3,2,10,7,6,8,1,6,1,0,46,1,9,9.5,0,4,7,4,2,1,7,10,4,10,5,0,92,0,9,9.5,0,8,6,9,1,10,3,5,4,8,3,0,98,0,9,9.5,0,2,8,8,8,8,8,8,8,9,1,0
135,1,84,7,1,8,8.5,0,3,3,10,5,8,5,1,8,8,0,0,40,1,8,8.5,1,3,2,10,7,6,8,1,6,1,0,0,39,1,8,9.0,0,7,4,2,1,7,10,4,10,5,0,0,92,0,8,8.5,1,0,9,1,10,3,5,4,8,3,0,0,90,0,8,9.0,0,8,8,8,8,8,8,8,9,1,0,0
135,2,79,7,0,7,7.5,1,3,10,5,8,5,1,8,8,0,0,0,40,1,7,7.5,1,2,10,7,6,8,1,6,1,0,0,0,35,1,7,8.5,0,4,2,1,7,10,4,10,5,0,0,0,83,0,7,8.0,0,9,1,10,3,5,4,8,3,0,0,0,82,0,7,8.5,0,8,8,8,8,8,8,9,1,0,0,0
135,3,57,7,0,6,6.5,1,0,5,8,5,1,8,8,0,0,0,0,40,1,6,6.5,1,10,7,6,8,1,6,1,0,0,0,0,35,1,6,7.5,1,2,1,7,10,4,10,5,0,0,0,0,82,0,6,7.5,0,1,10,3,5,4,8,3,0,0,0,0,74,1,6,8.0,0,8,8,8,8,8,9,1,0,0,0,0
135,4,57,2,0,5,6.0,0,5,8,5,1,8,8,0,0,0,0,0,33,1,5,6.0,0,7,6,8,1,6,1,0,0,0,0,0,34,0,5,7.0,0,1,7,10,4,10,5,0,0,0,0,0,72,0,5,7.0,0,10,3,5,4,8,3,0,0,0,0,0,66,1,5,7.5,0,8,8,8,8,9,1,0,0,0,0,0
135,5,43,2,0,4,5.0,1,0,5,1,8,8,0,0,0,0,0,0,33,1,4,5.0,1,6,8,1,6,1,0,0,0,0,0,0,27,0,4,6.5,0,7,10,4,10,5,0,0,0,0,0,0,69,0,4,6.5,0,3,5,4,8,3,0,0,0,0,0,0,58,1,4,7.0,0,8,8,8,9,1,0,0,0,0,0,0
135,6,17,2,0,3,4.0,1,0,1,8,8,0,0,0,0,0,0,0,33,1,3,4.0,1,8,1,6,1,0,0,0,0,0,0,0,17,0,3,6.0,0,10,4,10,5,0,0,0,0,0,0,0,69,0,3,5.5,1,0,4,8,3,0,0,0,0,0,0,0,58,1,3,6.0,1,8,8,9,1,0,0,0,0,0,0,0
135,7,12,2,0,2,3.0,1,0,8,8,0,0,0,0,0,0,0,0,32,1,2,3.5,0,1,6,1,0,0,0,0,0,0,0,0,13,0,2,5.5,0,4,10,5,0,0,0,0,0,0,0,0,69,1,2,4.5,1,0,8,3,0,0,0,0,0,0,0,0,50,1,2,5.5,0,8,9,1,0,0,0,0,0,0,0,0
135,8,0,2,0,1,2.0,1,0,8,0,0,0,0,0,0,0,0,0,26,1,1,3.0,0,6,1,0,0,0,0,0,0,0,0,0,3,1,1,5.0,0,10,5,0,0,0,0,0,0,0,0,0,69,1,1,3.5,1,0,3,0,0,0,0,0,0,0,0,0,41,1,1,5.0,0,9,1,0,0,0,0,0,0,0,0,0
135,9,0,0,0,0,1.5,0,0,0,0,0,0,0,0,0,0,0,0,25,0,0,2.5,0,1,0,0,0,0,0,0,0,0,0,0,3,1,0,4.0,1,0,0,0,0,0,0,0,0,0,0,0,66,1,0,3.0,0,3,0,0,0,0,0,0,0,0,0,0,40,1,0,4.5,0,1,0,0,0,0,0,0,0,0,0,0
136,0,90,10,0,9,9.0,1,1,1,6,10,4,6,9,7,10,6,0,45,0,9,9.5,0,5,10,2,1,2,9,5,5,8,9,0,50,0,9,9.0,1,0,4,6,8,10,10,3,4,5,3,0,99,1,9,9.5,0,1,7,2,3,8,8,4,3,7,6,0,92,1,9,9.5,0,8,10,4,1,5,3,3,8,7,10,0
136,1,89,10,0,8,8.0,1,0,6,10,4,6,9,7,10,6,0,0,35,1,8,9.0,0,10,2,1,2,9,5,5,8,9,0,0,46,0,8,8.5,0,4,6,8,10,10,3,4,5,3,0,0,92,1,8,9.0,0,7,2,3,8,8,4,3,7,6,0,0,82,1,8,9.0,0,10,4,1,5,3,3,8,7,10,0,0
136,2,81,10,0,7,7.0,1,0,10,4,6,9,7,10,6,0,0,0,35,1,7,8.0,1,2,1,2,9,5,5,8,9,0,0,0,40,0,7,8.0,0,6,8,10,10,3,4,5,3,0,0,0,90,1,7,8.5,0,2,3,8,8,4,3,7,6,0,0,0,78,0,7,8.5,0,4,1,5,3,3,8,7,10,0,0,0
136,3,62,10,0,6,6.0,1,0,4,6,9,7,10,6,0,0,0,0,34,1,6,7.5,0,1,2,9,5,5,8,9,0,0,0,0,40,0,6,7.0,1,0,10,10,3,4,5,3,0,0,0,0,87,1,6,8.0,0,3,8,8,4,3,7,6,0,0,0,0,78,0,6,7.5,1,0,5,3,3,8,7,10,0,0,0,0
136,4,50,10,0,5,5.0,1,0,6,9,7,10,6,0,0,0,0,0,32,1,5,7.0,0,2,9,5,5,8,9,0,0,0,0,0,30,0,5,6.5,0,10,10,3,4,5,3,0,0,0,0,0,87,1,5,7.0,1,8,8,4,3,7,6,0,0,0,0,0,73,0,5,7.0,0,5,3,3,8,7,10,0,0,0,0,0
136,5,17,10,0,4,4.0,1,0,9,7,10,6,0,0,0,0,0,0,32,1,4,6.0,1,9,5,5,8,9,0,0,0,0,0,0,30,0,4,5.5,1,0,3,4,5,3,0,0,0,0,0,0,87,1,4,6.0,1,8,4,3,7,6,0,0,0,0,0,0,70,0,4,6.5,0,3,3,8,7,10,0,0,0,0,0,0
136,6,8,10,0,3,3.0,1,0,7,10,6,0,0,0,0,0,0,0,27,1,3,5.5,0,5,5,8,9,0,0,0,0,0,0,0,27,1,3,5.0,0,3,4,5,3,0,0,0,0,0,0,0,83,1,3,5.5,0,4,3,7,6,0,0,0,0,0,0,0,67,0,3,6.0,0,3,8,7,10,0,0,0,0,0,0,0
136,7,0,3,0,2,2.5,0,7,10,6,0,0,0,0,0,0,0,0,22,1,2,5.0,0,5,8,9,0,0,0,0,0,0,0,0,23,1,2,4.5,0,4,5,3,0,0,0,0,0,0,0,0,80,1,2,5.0,0,3,7,6,0,0,0,0,0,0,0,0,67,0,2,5.0,1,0,7,10,0,0,0,0,0,0,0,0
136,8,0,3,0,1,1.5,1,0,6,0,0,0,0,0,0,0,0,0,14,1,1,4.5,0,8,9,0,0,0,0,0,0,0,0,0,23,0,1,3.5,1,0,3,0,0,0,0,0,0,0,0,0,80,1,1,4.0,1,0,6,0,0,0,0,0,0,0,0,0,60,1,1,4.5,0,7,10,0,0,0,0,0,0,0,0,0
136,9,0,3,0,0,0.5,1,0,0,0,0,0,0,0,0,0,0,0,5,1,0,4.0,0,9,0,0,0,0,0,0,0,0,0,0,20,0,0,3.0,0,3,0,0,0,0,0,0,0,0,0,0,80,1,0,3.0,1,0,0,0,0,0,0,0,0,0,0,0,50,1,0,4.0,0,10,0,0,0,0,0,0,0,0,0,0
137,0,96,10,0,9,9.0,1,0,3,5,2,6,8,1,3,7,4,0,45,0,9,9.5,0,5,6,7,6,6,6,5,7,6,4,0,42,1,9,9.5,0,8,5,5,6,6,1,1,7,4,8,0,97,0,9,9.5,0,3,9,1,8,9,5,8,9,7,2,0,97,0,9,9.5,0,3,10,3,5,1,4,7,8,2,10,0
137,1,96,7,0,8,8.5,0,3,5,2,6,8,1,3,7,4,0,0,39,1,8,9.0,0,6,7,6,6,6,5,7,6,4,0,0,37,1,8,9.0,0,5,5,6,6,1,1,7,4,8,0,0,88,0,8,9.0,0,9,1,8,9,5,8,9,7,2,0,0,87,0,8,9.0,0,10,3,5,1,4,7,8,2,10,0,0
137,2,79,7,0,7,7.5,1,0,2,6,8,1,3,7,4,0,0,0,39,0,7,8.0,1,7,6,6,6,5,7,6,4,0,0,0,37,1,7,8.0,1,5,6,6,1,1,7,4,8,0,0,0,87,0,7,8.5,0,1,8,9,5,8,9,7,2,0,0,0,84,0,7,8.5,0,3,5,1,4,7,8,2,10,0,0,0
137,3,58,7,0,6,6.5,1,0,6,8,1,3,7,4,0,0,0,0,33,1,6,7.5,0,6,6,6,5,7,6,4,0,0,0,0,37,1,6,7.0,1,6,6,1,1,7,4,8,0,0,0,0,87,0,6,7.5,1,0,9,5,8,9,7,2,0,0,0,0,84,0,6,7.5,1,0,1,4,7,8,2,10,0,0,0,0
137,4,51,7,0,5,5.5,1,0,8,1,3,7,4,0,0,0,0,0,27,1,5,7.0,0,6,6,5,7,6,4,0,0,0,0,0,31,1,5,6.5,0,6,1,1,7,4,8,0,0,0,0,0,78,0,5,7.0,0,9,5,8,9,7,2,0,0,0,0,0,84,0,5,6.5,1,0,4,7,8,2,10,0,0,0,0,0
137,5,46,0,0,4,5.0,0,0,1,3,7,4,0,0,0,0,0,0,21,1,4,6.5,0,6,5,7,6,4,0,0,0,0,0,0,31,1,4,5.5,1,1,1,7,4,8,0,0,0,0,0,0,73,0,4,6.5,0,5,8,9,7,2,0,0,0,0,0,0,84,0,4,5.5,1,0,7,8,2,10,0,0,0,0,0,0
137,6,37,0,0,3,4.0,1,0,3,7,4,0,0,0,0,0,0,0,16,1,3,6.0,0,5,7,6,4,0,0,0,0,0,0,0,31,1,3,4.5,1,1,7,4,8,0,0,0,0,0,0,0,65,0,3,6.0,0,8,9,7,2,0,0,0,0,0,0,0,84,0,3,4.5,1,0,8,2,10,0,0,0,0,0,0,0
137,7,37,0,0,2,3.5,0,0,7,4,0,0,0,0,0,0,0,0,9,1,2,5.5,0,7,6,4,0,0,0,0,0,0,0,0,24,1,2,4.0,0,7,4,8,0,0,0,0,0,0,0,0,56,1,2,5.5,0,9,7,2,0,0,0,0,0,0,0,0,76,0,2,4.0,0,8,2,10,0,0,0,0,0,0,0,0
137,8,30,0,0,1,3.0,0,0,4,0,0,0,0,0,0,0,0,0,3,1,1,5.0,0,6,4,0,0,0,0,0,0,0,0,0,20,1,1,3.5,0,4,8,0,0,0,0,0,0,0,0,0,56,1,1,4.5,1,7,2,0,0,0,0,0,0,0,0,0,74,0,1,3.5,0,2,10,0,0,0,0,0,0,0,0,0
137,9,18,0,0,0,2.5,0,0,0,0,0,0,0,0,0,0,0,0,0,1,0,4.5,0,0,0,0,0,0,0,0,0,0,0,0,12,1,0,3.0,0,8,0,0,0,0,0,0,0,0,0,0,56,0,0,3.5,1,2,0,0,0,0,0,0,0,0,0,0,74,0,0,2.5,1,0,0,0,0,0,0,0,0,0,0,0
138,0,87,10,1,9,9.0,1,4,7,10,9,4,3,5,2,9,3,0,45,1,9,9.5,0,5,7,2,8,10,4,7,9,1,3,0,50,1,9,9.0,1,0,7,8,2,6,2,9,3,10,3,0,93,0,9,9.5,0,7,3,4,6,1,1,4,3,9,8,0,100,0,9,9.0,1,0,9,2,8,6,10,7,1,4,4,0
138,1,71,10,1,8,8.0,1,7,10,9,4,3,5,2,9,3,0,0,38,0,8,9.0,0,7,2,8,10,4,7,9,1,3,0,0,43,1,8,8.5,0,7,8,2,6,2,9,3,10,3,0,0,90,0,8,9.0,0,3,4,6,1,1,4,3,9,8,0,0,100,0,8,8.0,1,0,2,8,6,10,7,1,4,4,0,0
138,2,59,10,1,7,7.0,1,10,9,4,3,5,2,9,3,0,0,0,36,0,7,8.5,0,2,8,10,4,7,9,1,3,0,0,0,35,0,7,8.0,0,8,2,6,2,9,3,10,3,0,0,0,86,0,7,8.5,0,4,6,1,1,4,3,9,8,0,0,0,100,0,7,7.0,1,0,8,6,10,7,1,4,4,0,0,0
138,3,42,10,1,6,6.0,1,9,4,3,5,2,9,3,0,0,0,0,28,0,6,8.0,0,8,10,4,7,9,1,3,0,0,0,0,33,0,6,7.5,0,2,6,2,9,3,10,3,0,0,0,0,80,0,6,8.0,0,6,1,1,4,3,9,8,0,0,0,0,100,0,6,6.0,1,0,6,10,7,1,4,4,0,0,0,0
138,4,32,10,1,5,5.0,1,4,3,5,2,9,3,0,0,0,0,0,18,0,5,7.5,0,10,4,7,9,1,3,0,0,0,0,0,33,0,5,6.5,1,0,2,9,3,10,3,0,0,0,0,0,79,0,5,7.5,0,1,1,4,3,9,8,0,0,0,0,0,94,0,5,5.5,0,6,10,7,1,4,4,0,0,0,0,0
138,5,29,10,1,4,4.0,1,3,5,2,9,3,0,0,0,0,0,0,14,0,4,7.0,0,4,7,9,1,3,0,0,0,0,0,0,31,0,4,6.0,0,2,9,3,10,3,0,0,0,0,0,0,78,0,4,7.0,0,1,4,3,9,8,0,0,0,0,0,0,84,0,4,5.0,0,10,7,1,4,4,0,0,0,0,0,0
138,6,8,10,1,3,3.0,1,5,2,9,3,0,0,0,0,0,0,0,14,0,3,6.0,1,0,9,1,3,0,0,0,0,0,0,0,31,1,3,5.0,1,0,3,10,3,0,0,0,0,0,0,0,74,0,3,6.5,0,4,3,9,8,0,0,0,0,0,0,0,77,1,3,4.5,0,7,1,4,4,0,0,0,0,0,0,0
138,7,6,10,1,2,2.0,1,2,9,3,0,0,0,0,0,0,0,0,5,0,2,5.5,0,9,1,3,0,0,0,0,0,0,0,0,28,0,2,4.5,0,3,10,3,0,0,0,0,0,0,0,0,71,1,2,6.0,0,3,9,8,0,0,0,0,0,0,0,0,76,1,2,4.0,0,1,4,4,0,0,0,0,0,0,0,0
138,8,0,10,1,1,1.0,1,0,3,0,0,0,0,0,0,0,0,0,4,0,1,5.0,0,1,3,0,0,0,0,0,0,0,0,0,18,0,1,4.0,0,10,3,0,0,0,0,0,0,0,0,0,71,1,1,5.0,1,0,8,0,0,0,0,0,0,0,0,0,72,1,1,3.5,0,4,4,0,0,0,0,0,0,0,0,0
138,9,0,10,1,0,0.0,1,0,0,0,0,0,0,0,0,0,0,0,4,0,0,4.0,1,0,0,0,0,0,0,0,0,0,0,0,15,0,0,3.5,0,3,0,0,0,0,0,0,0,0,0,0,63,1,0,4.5,0,8,0,0,0,0,0,0,0,0,0,0,72,1,0,2.5,1,0,0,0,0,0,0,0,0,0,0,0
139,0,87,10,0,9,9.0,1,0,3,4,3,6,8,3,3,8,3,0,43,0,9,9.5,0,7,3,3,1,3,3,7,1,8,9,0,49,1,9,9.5,0,1,6,2,3,7,3,10,8,2,4,0,100,0,9,9.0,1,10,10,6,6,8,5,5,10,10,7,0,91,0,9,9.5,0,9,5,8,6,5,4,1,8,9,2,0
139,1,84,10,0,8,8.0,1,0,4,3,6,8,3,3,8,3,0,0,40,1,8,9.0,0,3,3,1,3,3,7,1,8,9,0,0,43,1,8,9.0,0,6,2,3,7,3,10,8,2,4,0,0,90,1,8,8.5,0,10,6,6,8,5,5,10,10,7,0,0,86,0,8,9.0,0,5,8,6,5,4,1,8,9,2,0,0
139,2,69,10,0,7,7.0,1,0,3,6,8,3,3,8,3,0,0,0,40,1,7,8.0,1,3,1,3,3,7,1,8,9,0,0,0,41,1,7,8.5,0,2,3,7,3,10,8,2,4,0,0,0,84,0,7,8.0,0,6,6,8,5,5,10,10,7,0,0,0,86,1,7,8.0,1,0,6,5,4,1,8,9,2,0,0,0
139,3,59,10,0,6,6.0,1,0,6,8,3,3,8,3,0,0,0,0,40,1,6,7.0,1,1,3,3,7,1,8,9,0,0,0,0,38,1,6,8.0,0,3,7,3,10,8,2,4,0,0,0,0,84,1,6,7.0,1,0,8,5,5,10,10,7,0,0,0,0,80,1,6,7.5,0,6,5,4,1,8,9,2,0,0,0,0
139,4,50,10,0,5,5.0,1,0,8,3,3,8,3,0,0,0,0,0,40,1,5,6.0,1,3,3,7,1,8,9,0,0,0,0,0,31,1,5,7.5,0,7,3,10,8,2,4,0,0,0,0,0,76,1,5,6.5,0,8,5,5,10,10,7,0,0,0,0,0,75,1,5,7.0,0,5,4,1,8,9,2,0,0,0,0,0
139,5,47,2,0,4,4.5,0,8,3,3,8,3,0,0,0,0,0,0,37,0,4,5.5,0,3,7,1,8,9,0,0,0,0,0,0,31,1,4,6.5,1,3,10,8,2,4,0,0,0,0,0,0,71,1,4,6.0,0,5,5,10,10,7,0,0,0,0,0,0,71,1,4,6.5,0,4,1,8,9,2,0,0,0,0,0,0
139,6,44,2,0,3,3.5,1,0,3,8,3,0,0,0,0,0,0,0,30,0,3,5.0,0,7,1,8,9,0,0,0,0,0,0,0,21,1,3,6.0,0,10,8,2,4,0,0,0,0,0,0,0,66,1,3,5.5,0,5,10,10,7,0,0,0,0,0,0,0,70,1,3,6.0,0,1,8,9,2,0,0,0,0,0,0,0
139,7,33,2,0,2,2.5,1,0,8,3,0,0,0,0,0,0,0,0,29,0,2,4.5,0,1,8,9,0,0,0,0,0,0,0,0,21,0,2,5.0,1,8,2,4,0,0,0,0,0,0,0,0,56,0,2,5.0,0,10,10,7,0,0,0,0,0,0,0,0,62,1,2,5.5,0,8,9,2,0,0,0,0,0,0,0,0
139,8,25,2,0,1,1.5,1,0,3,0,0,0,0,0,0,0,0,0,21,0,1,4.0,0,8,9,0,0,0,0,0,0,0,0,0,19,1,1,4.5,0,2,4,0,0,0,0,0,0,0,0,0,46,0,1,4.5,0,10,7,0,0,0,0,0,0,0,0,0,53,1,1,5.0,0,9,2,0,0,0,0,0,0,0,0,0
139,9,22,2,0,0,0.5,1,0,0,0,0,0,0,0,0,0,0,0,12,0,0,3.5,0,9,0,0,0,0,0,0,0,0,0,0,15,1,0,4.0,0,4,0,0,0,0,0,0,0,0,0,0,39,0,0,4.0,0,7,0,0,0,0,0,0,0,0,0,0,51,1,0,4.5,0,2,0,0,0,0,0,0,0,0,0,0
140,0,83,10,0,9,9.0,1,0,6,7,8,4,4,7,9,2,10,0,47,1,9,9.5,0,3,8,1,5,1,7,1,8,3,6,0,49,1,9,9.5,0,1,5,9,9,6,4,8,6,6,3,0,100,0,9,9.0,1,7,9,3,8,10,6,6,1,5,5,0,95,1,9,9.5,0,5,10,8,3,5,6,5,4,4,4,0
140,1,67,10,0,8,8.0,1,0,7,8,4,4,7,9,2,10,0,0,39,1,8,9.0,0,8,1,5,1,7,1,8,3,6,0,0,44,1,8,9.0,0,5,9,9,6,4,8,6,6,3,0,0,91,0,8,8.5,0,9,3,8,10,6,6,1,5,5,0,0,95,1,8,8.5,1,10,8,3,5,6,5,4,4,4,0,0
140,2,59,10,0,7,7.0,1,0,8,4,4,7,9,2,10,0,0,0,39,1,7,8.0,1,1,5,1,7,1,8,3,6,0,0,0,35,1,7,8.5,0,9,9,6,4,8,6,6,3,0,0,0,88,1,7,8.0,0,3,8,10,6,6,1,5,5,0,0,0,87,1,7,8.0,0,8,3,5,6,5,4,4,4,0,0,0
140,3,42,10,0,6,6.0,1,0,4,4,7,9,2,10,0,0,0,0,34,1,6,7.5,0,5,1,7,1,8,3,6,0,0,0,0,35,1,6,7.5,1,9,6,4,8,6,6,3,0,0,0,0,80,1,6,7.5,0,8,10,6,6,1,5,5,0,0,0,0,84,1,6,7.5,0,3,5,6,5,4,4,4,0,0,0,0
140,4,32,10,0,5,5.0,1,0,4,7,9,2,10,0,0,0,0,0,34,1,5,6.5,1,1,7,1,8,3,6,0,0,0,0,0,29,1,5,7.0,0,6,4,8,6,6,3,0,0,0,0,0,70,1,5,7.0,0,10,6,6,1,5,5,0,0,0,0,0,84,1,5,6.5,1,5,6,5,4,4,4,0,0,0,0,0
140,5,22,10,0,4,4.0,1,0,7,9,2,10,0,0,0,0,0,0,27,1,4,6.0,0,7,1,8,3,6,0,0,0,0,0,0,25,1,4,6.5,0,4,8,6,6,3,0,0,0,0,0,0,64,1,4,6.5,0,6,6,1,5,5,0,0,0,0,0,0,84,1,4,5.5,1,6,5,4,4,4,0,0,0,0,0,0
140,6,7,10,0,3,3.0,1,0,9,2,10,0,0,0,0,0,0,0,26,1,3,5.5,0,1,8,3,6,0,0,0,0,0,0,0,25,1,3,5.5,1,8,6,6,3,0,0,0,0,0,0,0,58,1,3,6.0,0,6,1,5,5,0,0,0,0,0,0,0,79,1,3,5.0,0,5,4,4,4,0,0,0,0,0,0,0
140,7,0,10,0,2,2.0,1,0,2,10,0,0,0,0,0,0,0,0,26,1,2,4.5,1,0,3,6,0,0,0,0,0,0,0,0,25,0,2,4.5,1,0,6,3,0,0,0,0,0,0,0,0,57,0,2,5.5,0,1,5,5,0,0,0,0,0,0,0,0,75,0,2,4.5,0,4,4,4,0,0,0,0,0,0,0,0
140,8,0,8,0,1,1.5,0,2,10,0,0,0,0,0,0,0,0,0,23,1,1,4.0,0,3,6,0,0,0,0,0,0,0,0,0,19,0,1,4.0,0,6,3,0,0,0,0,0,0,0,0,0,57,0,1,4.5,1,0,5,0,0,0,0,0,0,0,0,0,71,0,1,4.0,0,4,4,0,0,0,0,0,0,0,0,0
140,9,0,8,0,0,0.5,1,0,0,0,0,0,0,0,0,0,0,0,17,1,0,3.5,0,6,0,0,0,0,0,0,0,0,0,0,16,0,0,3.5,0,3,0,0,0,0,0,0,0,0,0,0,52,0,0,4.0,0,5,0,0,0,0,0,0,0,0,0,0,67,0,0,3.5,0,4,0,0,0,0,0,0,0,0,0,0
141,0,92,10,0,9,9.0,1,0,3,3,2,1,7,9,8,7,2,0,42,0,9,9.5,0,8,3,10,6,4,3,7,8,2,6,0,43,0,9,9.5,0,7,2,5,8,8,6,9,2,3,4,0,97,0,9,9.5,0,3,2,5,5,1,6,4,5,5,3,0,90,0,9,9.5,0,10,3,3,4,6,7,7,2,5,4,0
141,1,86,10,0,8,8.0,1,0,3,2,1,7,9,8,7,2,0,0,39,1,8,9.0,0,3,10,6,4,3,7,8,2,6,0,0,41,0,8,9.0,0,2,5,8,8,6,9,2,3,4,0,0,95,0,8,9.0,0,2,5,5,1,6,4,5,5,3,0,0,90,0,8,8.5,1,0,3,4,6,7,7,2,5,4,0,0
141,2,78,10,1,7,7.0,1,0,2,1,7,9,8,7,2,0,0,0,29,1,7,8.5,0,10,6,4,3,7,8,2,6,0,0,0,36,0,7,8.5,0,5,8,8,6,9,2,3,4,0,0,0,95,0,7,8.0,1,0,5,1,6,4,5,5,3,0,0,0,87,0,7,8.0,0,3,4,6,7,7,2,5,4,0,0,0
141,3,67,10,0,6,6.0,1,2,1,7,9,8,7,2,0,0,0,0,23,1,6,8.0,0,6,4,3,7,8,2,6,0,0,0,0,28,1,6,8.0,0,8,8,6,9,2,3,4,0,0,0,0,95,0,6,7.0,1,0,1,6,4,5,5,3,0,0,0,0,87,0,6,7.0,1,0,6,7,7,2,5,4,0,0,0,0
141,4,58,10,0,5,5.0,1,0,7,9,8,7,2,0,0,0,0,0,19,1,5,7.5,0,4,3,7,8,2,6,0,0,0,0,0,28,0,5,7.0,1,8,6,9,2,3,4,0,0,0,0,0,94,0,5,6.5,0,1,6,4,5,5,3,0,0,0,0,0,81,0,5,6.5,0,6,7,7,2,5,4,0,0,0,0,0
141,5,51,10,0,4,4.0,1,0,9,8,7,2,0,0,0,0,0,0,16,1,4,7.0,0,3,7,8,2,6,0,0,0,0,0,0,22,0,4,6.5,0,6,9,2,3,4,0,0,0,0,0,0,88,0,4,6.0,0,6,4,5,5,3,0,0,0,0,0,0,74,0,4,6.0,0,7,7,2,5,4,0,0,0,0,0,0
141,6,42,10,0,3,3.0,1,0,8,7,2,0,0,0,0,0,0,0,9,1,3,6.5,0,7,8,2,6,0,0,0,0,0,0,0,13,0,3,6.0,0,9,2,3,4,0,0,0,0,0,0,0,84,0,3,5.5,0,4,5,5,3,0,0,0,0,0,0,0,67,0,3,5.5,0,7,2,5,4,0,0,0,0,0,0,0
141,7,30,10,0,2,2.0,1,0,7,2,0,0,0,0,0,0,0,0,1,1,2,6.0,0,8,2,6,0,0,0,0,0,0,0,0,13,0,2,5.0,1,0,3,4,0,0,0,0,0,0,0,0,79,0,2,5.0,0,5,5,3,0,0,0,0,0,0,0,0,67,1,2,4.5,1,0,5,4,0,0,0,0,0,0,0,0
141,8,10,10,1,1,1.0,1,0,2,0,0,0,0,0,0,0,0,0,0,1,1,5.5,0,0,6,0,0,0,0,0,0,0,0,0,13,0,1,4.0,1,0,4,0,0,0,0,0,0,0,0,0,79,0,1,4.0,1,0,3,0,0,0,0,0,0,0,0,0,67,0,1,3.5,1,5,4,0,0,0,0,0,0,0,0,0
141,9,0,8,1,0,0.5,0,2,0,0,0,0,0,0,0,0,0,0,0,1,0,4.5,1,0,0,0,0,0,0,0,0,0,0,0,13,1,0,3.0,1,0,0,0,0,0,0,0,0,0,0,0,76,0,0,3.5,0,3,0,0,0,0,0,0,0,0,0,0,63,0,0,3.0,0,4,0,0,0,0,0,0,0,0,0,0
142,0,98,7,0,9,9.5,0,3,4,7,9,8,6,3,4,7,4,0,50,1,9,9.0,1,2,1,5,1,1,10,1,9,5,3,0,41,1,9,9.5,0,9,2,4,5,3,3,3,9,6,9,0,93,1,9,9.5,0,7,10,4,4,8,8,3,7,4,8,0,95,0,9,9.5,0,5,3,7,6,3,10,2,4,2,5,0
142,1,94,7,0,8,8.5,1,0,7,9,8,6,3,4,7,4,0,0,49,1,8,8.5,0,1,5,1,1,10,1,9,5,3,0,0,39,1,8,9.0,0,2,4,5,3,3,3,9,6,9,0,0,83,1,8,9.0,0,10,4,4,8,8,3,7,4,8,0,0,92,0,8,9.0,0,3,7,6,3,10,2,4,2,5,0,0
142,2,75,7,0,7,7.5,1,0,9,8,6,3,4,7,4,0,0,0,49,1,7,7.5,1,5,1,1,10,1,9,5,3,0,0,0,35,1,7,8.5,0,4,5,3,3,3,9,6,9,0,0,0,79,1,7,8.5,0,4,4,8,8,3,7,4,8,0,0,0,92,1,7,8.0,1,0,6,3,10,2,4,2,5,0,0,0
142,3,75,0,0,6,7.0,0,0,8,6,3,4,7,4,0,0,0,0,48,1,6,7.0,0,1,1,10,1,9,5,3,0,0,0,0,30,1,6,8.0,0,5,3,3,3,9,6,9,0,0,0,0,75,1,6,8.0,0,4,8,8,3,7,4,8,0,0,0,0,86,1,6,7.5,0,6,3,10,2,4,2,5,0,0,0,0
142,4,63,0,0,5,6.5,0,0,6,3,4,7,4,0,0,0,0,0,48,1,5,6.0,1,1,10,1,9,5,3,0,0,0,0,0,27,1,5,7.5,0,3,3,3,9,6,9,0,0,0,0,0,75,0,5,7.0,1,8,8,3,7,4,8,0,0,0,0,0,86,1,5,6.5,1,3,10,2,4,2,5,0,0,0,0,0
142,5,34,0,0,4,5.5,1,0,3,4,7,4,0,0,0,0,0,0,48,1,4,5.0,1,10,1,9,5,3,0,0,0,0,0,0,27,1,4,6.5,1,3,3,9,6,9,0,0,0,0,0,0,67,0,4,6.5,0,8,3,7,4,8,0,0,0,0,0,0,86,1,4,5.5,1,10,2,4,2,5,0,0,0,0,0,0
142,6,28,0,0,3,4.5,1,0,4,7,4,0,0,0,0,0,0,0,47,0,3,4.5,0,1,9,5,3,0,0,0,0,0,0,0,24,1,3,6.0,0,3,9,6,9,0,0,0,0,0,0,0,67,0,3,5.5,1,0,7,4,8,0,0,0,0,0,0,0,84,1,3,5.0,0,2,4,2,5,0,0,0,0,0,0,0
142,7,28,0,0,2,4.0,0,0,7,4,0,0,0,0,0,0,0,0,38,1,2,4.0,0,9,5,3,0,0,0,0,0,0,0,0,15,1,2,5.5,0,9,6,9,0,0,0,0,0,0,0,0,60,0,2,5.0,0,7,4,8,0,0,0,0,0,0,0,0,80,1,2,4.5,0,4,2,5,0,0,0,0,0,0,0,0
142,8,21,0,0,1,3.0,1,0,4,0,0,0,0,0,0,0,0,0,33,1,1,3.5,0,5,3,0,0,0,0,0,0,0,0,0,9,1,1,5.0,0,6,9,0,0,0,0,0,0,0,0,0,56,0,1,4.5,0,4,8,0,0,0,0,0,0,0,0,0,78,1,1,4.0,0,2,5,0,0,0,0,0,0,0,0,0
142,9,17,0,0,0,2.0,1,0,0,0,0,0,0,0,0,0,0,0,30,1,0,3.0,0,3,0,0,0,0,0,0,0,0,0,0,0,1,0,4.5,0,9,0,0,0,0,0,0,0,0,0,0,48,1,0,4.0,0,8,0,0,0,0,0,0,0,0,0,0,73,1,0,3.5,0,5,0,0,0,0,0,0,0,0,0,0
143,0,80,10,0,9,9.0,1,0,3,8,10,9,7,4,4,4,3,0,50,0,9,9.0,1,0,3,6,3,5,1,3,8,9,5,0,46,0,9,9.5,0,4,8,6,5,8,3,6,5,9,5,0,100,0,9,9.0,1,0,1,3,2,2,9,5,4,4,2,0,99,0,9,9.5,0,1,1,6,4,1,2,1,10,4,4,0
143,1,68,10,0,8,8.0,1,0,8,10,9,7,4,4,4,3,0,0,47,0,8,8.5,0,3,6,3,5,1,3,8,9,5,0,0,46,1,8,8.5,1,0,6,5,8,3,6,5,9,5,0,0,99,0,8,8.5,0,1,3,2,2,9,5,4,4,2,0,0,99,0,8,8.5,1,0,6,4,1,2,1,10,4,4,0,0
143,2,60,10,0,7,7.0,1,0,10,9,7,4,4,4,3,0,0,0,41,1,7,8.0,0,6,3,5,1,3,8,9,5,0,0,0,40,1,7,8.0,0,6,5,8,3,6,5,9,5,0,0,0,96,0,7,8.0,0,3,2,2,9,5,4,4,2,0,0,0,93,1,7,8.0,0,6,4,1,2,1,10,4,4,0,0,0
143,3,46,10,0,6,6.0,1,0,9,7,4,4,4,3,0,0,0,0,38,1,6,7.5,0,3,5,1,3,8,9,5,0,0,0,0,35,1,6,7.5,0,5,8,3,6,5,9,5,0,0,0,0,94,0,6,7.5,0,2,2,9,5,4,4,2,0,0,0,0,93,1,6,7.0,1,4,1,2,1,10,4,4,0,0,0,0
143,4,37,10,0,5,5.0,1,0,7,4,4,4,3,0,0,0,0,0,33,1,5,7.0,0,5,1,3,8,9,5,0,0,0,0,0,27,1,5,7.0,0,8,3,6,5,9,5,0,0,0,0,0,92,1,5,7.0,0,2,9,5,4,4,2,0,0,0,0,0,92,1,5,6.5,0,1,2,1,10,4,4,0,0,0,0,0
143,5,29,10,0,4,4.0,1,0,4,4,4,3,0,0,0,0,0,0,33,1,4,6.0,1,1,3,8,9,5,0,0,0,0,0,0,24,1,4,6.5,0,3,6,5,9,5,0,0,0,0,0,0,83,1,4,6.5,0,9,5,4,4,2,0,0,0,0,0,0,90,1,4,6.0,0,2,1,10,4,4,0,0,0,0,0,0
143,6,25,10,0,3,3.0,1,0,4,4,3,0,0,0,0,0,0,0,30,1,3,5.5,0,3,8,9,5,0,0,0,0,0,0,0,18,1,3,6.0,0,6,5,9,5,0,0,0,0,0,0,0,78,0,3,6.0,0,5,4,4,2,0,0,0,0,0,0,0,89,1,3,5.5,0,1,10,4,4,0,0,0,0,0,0,0
143,7,21,10,0,2,2.0,1,0,4,3,0,0,0,0,0,0,0,0,22,1,2,5.0,0,8,9,5,0,0,0,0,0,0,0,0,13,1,2,5.5,0,5,9,5,0,0,0,0,0,0,0,0,74,0,2,5.5,0,4,4,2,0,0,0,0,0,0,0,0,79,1,2,5.0,0,10,4,4,0,0,0,0,0,0,0,0
143,8,8,10,0,1,1.0,1,0,3,0,0,0,0,0,0,0,0,0,22,0,1,4.0,1,9,5,0,0,0,0,0,0,0,0,0,4,1,1,5.0,0,9,5,0,0,0,0,0,0,0,0,0,70,0,1,5.0,0,4,2,0,0,0,0,0,0,0,0,0,75,0,1,4.5,0,4,4,0,0,0,0,0,0,0,0,0
143,9,5,10,0,0,0.0,1,0,0,0,0,0,0,0,0,0,0,0,17,0,0,3.5,0,5,0,0,0,0,0,0,0,0,0,0,0,1,0,4.5,0,0,0,0,0,0,0,0,0,0,0,0,68,0,0,4.5,0,2,0,0,0,0,0,0,0,0,0,0,71,0,0,4.0,0,4,0,0,0,0,0,0,0,0,0,0
144,0,86,10,1,9,9.0,1,9,7,9,8,1,6,8,5,6,5,0,42,1,9,9.5,0,8,7,1,7,5,1,3,3,9,10,0,50,0,9,9.0,1,0,3,8,5,10,2,1,8,3,8,0,99,1,9,9.5,0,1,4,5,7,7,5,4,3,2,2,0,97,1,9,9.5,0,3,10,1,5,7,8,9,5,2,1,0
144,1,83,3,1,8,8.5,0,7,9,8,1,6,8,5,6,5,0,0,35,1,8,9.0,0,7,1,7,5,1,3,3,9,10,0,0,50,0,8,8.0,1,0,8,5,10,2,1,8,3,8,0,0,95,1,8,9.0,0,4,5,7,7,5,4,3,2,2,0,0,87,1,8,9.0,0,10,1,5,7,8,9,5,2,1,0,0
144,2,74,3,1,7,7.5,1,0,8,1,6,8,5,6,5,0,0,0,34,1,7,8.5,0,1,7,5,1,3,3,9,10,0,0,0,42,0,7,7.5,0,8,5,10,2,1,8,3,8,0,0,0,90,0,7,8.5,0,5,7,7,5,4,3,2,2,0,0,0,86,0,7,8.5,0,1,5,7,8,9,5,2,1,0,0,0
144,3,66,3,1,6,6.5,1,0,1,6,8,5,6,5,0,0,0,0,27,1,6,8.0,0,7,5,1,3,3,9,10,0,0,0,0,37,0,6,7.0,0,5,10,2,1,8,3,8,0,0,0,0,83,1,6,8.0,0,7,7,5,4,3,2,2,0,0,0,0,81,1,6,8.0,0,5,7,8,9,5,2,1,0,0,0,0
144,4,60,3,1,5,5.5,1,1,6,8,5,6,5,0,0,0,0,0,27,1,5,7.0,1,5,1,3,3,9,10,0,0,0,0,0,27,1,5,6.5,0,10,2,1,8,3,8,0,0,0,0,0,76,1,5,7.5,0,7,5,4,3,2,2,0,0,0,0,0,74,1,5,7.5,0,7,8,9,5,2,1,0,0,0,0,0
144,5,54,3,1,4,4.5,1,0,8,5,6,5,0,0,0,0,0,0,26,1,4,6.5,0,1,3,3,9,10,0,0,0,0,0,0,25,1,4,6.0,0,2,1,8,3,8,0,0,0,0,0,0,71,1,4,7.0,0,5,4,3,2,2,0,0,0,0,0,0,66,1,4,7.0,0,8,9,5,2,1,0,0,0,0,0,0
144,6,46,3,1,3,3.5,1,0,5,6,5,0,0,0,0,0,0,0,23,1,3,6.0,0,3,3,9,10,0,0,0,0,0,0,0,24,1,3,5.5,0,1,8,3,8,0,0,0,0,0,0,0,67,1,3,6.5,0,4,3,2,2,0,0,0,0,0,0,0,57,1,3,6.5,0,9,5,2,1,0,0,0,0,0,0,0
144,7,46,0,1,2,3.0,0,0,6,5,0,0,0,0,0,0,0,0,20,1,2,5.5,0,3,9,10,0,0,0,0,0,0,0,0,16,1,2,5.0,0,8,3,8,0,0,0,0,0,0,0,0,64,1,2,6.0,0,3,2,2,0,0,0,0,0,0,0,0,52,1,2,6.0,0,5,2,1,0,0,0,0,0,0,0,0
144,8,37,0,1,1,2.0,1,0,5,0,0,0,0,0,0,0,0,0,11,1,1,5.0,0,9,10,0,0,0,0,0,0,0,0,0,16,1,1,4.0,1,3,8,0,0,0,0,0,0,0,0,0,62,1,1,5.5,0,2,2,0,0,0,0,0,0,0,0,0,50,1,1,5.5,0,2,1,0,0,0,0,0,0,0,0,0
144,9,22,0,1,0,1.0,1,0,0,0,0,0,0,0,0,0,0,0,11,0,0,4.0,1,10,0,0,0,0,0,0,0,0,0,0,8,1,0,3.5,0,8,0,0,0,0,0,0,0,0,0,0,60,1,0,5.0,0,2,0,0,0,0,0,0,0,0,0,0,49,1,0,5.0,0,1,0,0,0,0,0,0,0,0,0,0
145,0,94,10,1,9,9.0,1,0,9,2,3,10,6,1,9,2,2,0,42,0,9,9.5,0,8,2,5,2,8,10,5,10,7,3,0,46,1,9,9.5,0,4,3,10,2,10,9,5,10,7,1,0,91,1,9,9.5,0,9,10,8,7,8,10,2,8,5,7,0,100,1,9,9.0,1,3,5,9,1,4,4,9,8,4,5,0
145,1,94,1,1,8,8.5,0,9,2,3,10,6,1,9,2,2,0,0,40,0,8,9.0,0,2,5,2,8,10,5,10,7,3,0,0,43,1,8,9.0,0,3,10,2,10,9,5,10,7,1,0,0,81,1,8,9.0,0,10,8,7,8,10,2,8,5,7,0,0,95,1,8,8.5,0,5,9,1,4,4,9,8,4,5,0,0
145,2,86,0,1,7,8.0,0,0,3,10,6,1,9,2,2,0,0,0,35,0,7,8.5,0,5,2,8,10,5,10,7,3,0,0,0,33,1,7,8.5,0,10,2,10,9,5,10,7,1,0,0,0,81,1,7,8.0,1,8,7,8,10,2,8,5,7,0,0,0,86,1,7,8.0,0,9,1,4,4,9,8,4,5,0,0,0
145,3,83,0,1,6,7.0,1,0,10,6,1,9,2,2,0,0,0,0,33,0,6,8.0,0,2,8,10,5,10,7,3,0,0,0,0,31,1,6,8.0,0,2,10,9,5,10,7,1,0,0,0,0,74,1,6,7.5,0,7,8,10,2,8,5,7,0,0,0,0,85,1,6,7.5,0,1,4,4,9,8,4,5,0,0,0,0
145,4,73,0,1,5,6.0,1,0,6,1,9,2,2,0,0,0,0,0,25,0,5,7.5,0,8,10,5,10,7,3,0,0,0,0,0,21,1,5,7.5,0,10,9,5,10,7,1,0,0,0,0,0,66,1,5,7.0,0,8,10,2,8,5,7,0,0,0,0,0,81,1,5,7.0,0,4,4,9,8,4,5,0,0,0,0,0
145,5,73,0,1,4,5.5,0,0,1,9,2,2,0,0,0,0,0,0,15,1,4,7.0,0,10,5,10,7,3,0,0,0,0,0,0,12,1,4,7.0,0,9,5,10,7,1,0,0,0,0,0,0,56,1,4,6.5,0,10,2,8,5,7,0,0,0,0,0,0,77,1,4,6.5,0,4,9,8,4,5,0,0,0,0,0,0
145,6,58,0,1,3,4.5,1,0,9,2,2,0,0,0,0,0,0,0,15,1,3,6.0,1,5,10,7,3,0,0,0,0,0,0,0,7,1,3,6.5,0,5,10,7,1,0,0,0,0,0,0,0,54,1,3,6.0,0,2,8,5,7,0,0,0,0,0,0,0,77,1,3,5.5,1,9,8,4,5,0,0,0,0,0,0,0
145,7,49,0,1,2,3.5,1,0,2,2,0,0,0,0,0,0,0,0,5,1,2,5.5,0,10,7,3,0,0,0,0,0,0,0,0,0,1,2,6.0,0,0,7,1,0,0,0,0,0,0,0,0,46,1,2,5.5,0,8,5,7,0,0,0,0,0,0,0,0,69,1,2,5.0,0,8,4,5,0,0,0,0,0,0,0,0
145,8,49,0,1,1,3.0,0,0,2,0,0,0,0,0,0,0,0,0,0,0,1,5.0,0,0,3,0,0,0,0,0,0,0,0,0,0,0,1,5.5,0,0,1,0,0,0,0,0,0,0,0,0,41,1,1,5.0,0,5,7,0,0,0,0,0,0,0,0,0,65,1,1,4.5,0,4,5,0,0,0,0,0,0,0,0,0
145,9,43,0,1,0,2.0,1,0,0,0,0,0,0,0,0,0,0,0,0,0,0,4.0,1,0,0,0,0,0,0,0,0,0,0,0,0,0,0,4.5,1,0,0,0,0,0,0,0,0,0,0,0,34,1,0,4.5,0,7,0,0,0,0,0,0,0,0,0,0,60,1,0,4.0,0,5,0,0,0,0,0,0,0,0,0,0
146,0,85,10,1,9,9.0,1,7,5,2,4,3,10,2,6,10,9,0,42,1,9,9.5,0,8,3,4,5,2,5,9,3,6,1,0,44,1,9,9.5,0,6,4,7,3,6,5,2,3,3,3,0,100,1,9,9.0,1,8,2,3,2,5,5,4,9,10,10,0,98,1,9,9.5,0,2,3,8,1,9,6,5,7,10,9,0
146,1,75,10,1,8,8.0,1,5,2,4,3,10,2,6,10,9,0,0,42,1,8,8.5,1,3,4,5,2,5,9,3,6,1,0,0,40,1,8,9.0,0,4,7,3,6,5,2,3,3,3,0,0,100,1,8,8.0,1,2,3,2,5,5,4,9,10,10,0,0,95,1,8,9.0,0,3,8,1,9,6,5,7,10,9,0,0
146,2,65,10,1,7,7.0,1,2,4,3,10,2,6,10,9,0,0,0,38,1,7,8.0,0,4,5,2,5,9,3,6,1,0,0,0,33,1,7,8.5,0,7,3,6,5,2,3,3,3,0,0,0,97,1,7,7.5,0,3,2,5,5,4,9,10,10,0,0,0,95,1,7,8.0,1,8,1,9,6,5,7,10,9,0,0,0
146,3,59,10,1,6,6.0,1,4,3,10,2,6,10,9,0,0,0,0,33,1,6,7.5,0,5,2,5,9,3,6,1,0,0,0,0,30,1,6,8.0,0,3,6,5,2,3,3,3,0,0,0,0,97,1,6,6.5,1,2,5,5,4,9,10,10,0,0,0,0,94,1,6,7.5,0,1,9,6,5,7,10,9,0,0,0,0
146,4,49,10,1,5,5.0,1,3,10,2,6,10,9,0,0,0,0,0,33,1,5,6.5,1,2,5,9,3,6,1,0,0,0,0,0,24,1,5,7.5,0,6,5,2,3,3,3,0,0,0,0,0,97,1,5,5.5,1,5,5,4,9,10,10,0,0,0,0,0,85,1,5,7.0,0,9,6,5,7,10,9,0,0,0,0,0
146,5,29,10,1,4,4.0,1,10,2,6,10,9,0,0,0,0,0,0,33,1,4,5.5,1,5,9,3,6,1,0,0,0,0,0,0,24,1,4,6.5,1,5,2,3,3,3,0,0,0,0,0,0,92,0,4,5.0,0,5,4,9,10,10,0,0,0,0,0,0,79,0,4,6.5,0,6,5,7,10,9,0,0,0,0,0,0
146,6,13,10,1,3,3.0,1,2,6,10,9,0,0,0,0,0,0,0,33,1,3,4.5,1,9,3,6,1,0,0,0,0,0,0,0,22,1,3,6.0,0,2,3,3,3,0,0,0,0,0,0,0,88,1,3,4.5,0,4,9,10,10,0,0,0,0,0,0,0,79,1,3,5.5,1,0,7,10,9,0,0,0,0,0,0,0
146,7,0,10,1,2,2.0,1,6,10,9,0,0,0,0,0,0,0,0,30,1,2,4.0,0,3,6,1,0,0,0,0,0,0,0,0,19,0,2,5.5,0,3,3,3,0,0,0,0,0,0,0,0,79,1,2,4.0,0,9,10,10,0,0,0,0,0,0,0,0,79,1,2,4.5,1,7,10,9,0,0,0,0,0,0,0,0
146,8,0,10,1,1,1.0,1,0,9,0,0,0,0,0,0,0,0,0,24,1,1,3.5,0,6,1,0,0,0,0,0,0,0,0,0,16,0,1,5.0,0,3,3,0,0,0,0,0,0,0,0,0,69,0,1,3.5,0,10,10,0,0,0,0,0,0,0,0,0,69,1,1,4.0,0,10,9,0,0,0,0,0,0,0,0,0
146,9,0,10,1,0,0.0,1,0,0,0,0,0,0,0,0,0,0,0,24,1,0,2.5,1,0,0,0,0,0,0,0,0,0,0,0,13,0,0,4.5,0,3,0,0,0,0,0,0,0,0,0,0,69,1,0,2.5,1,0,0,0,0,0,0,0,0,0,0,0,69,1,0,3.0,1,0,0,0,0,0,0,0,0,0,0,0
147,0,81,10,0,9,9.0,1,0,8,4,8,7,10,2,5,10,10,0,49,0,9,9.5,0,1,4,8,7,8,8,4,3,7,3,0,42,1,9,9.5,0,8,6,1,2,4,1,1,8,1,7,0,100,0,9,9.0,1,0,1,3,7,10,1,6,7,8,5,0,98,0,9,9.5,0,2,5,1,9,6,10,10,4,6,8,0
147,1,67,10,0,8,8.0,1,0,4,8,7,10,2,5,10,10,0,0,45,0,8,9.0,0,4,8,7,8,8,4,3,7,3,0,0,42,1,8,8.5,1,6,1,2,4,1,1,8,1,7,0,0,99,0,8,8.5,0,1,3,7,10,1,6,7,8,5,0,0,93,0,8,9.0,0,5,1,9,6,10,10,4,6,8,0,0
147,2,60,10,0,7,7.0,1,0,8,7,10,2,5,10,10,0,0,0,37,0,7,8.5,0,8,7,8,8,4,3,7,3,0,0,0,41,1,7,8.0,0,1,2,4,1,1,8,1,7,0,0,0,99,1,7,7.5,1,0,7,10,1,6,7,8,5,0,0,0,92,1,7,8.5,0,1,9,6,10,10,4,6,8,0,0,0
147,3,52,10,0,6,6.0,1,0,7,10,2,5,10,10,0,0,0,0,30,0,6,8.0,0,7,8,8,4,3,7,3,0,0,0,0,39,1,6,7.5,0,2,4,1,1,8,1,7,0,0,0,0,92,0,6,7.0,0,7,10,1,6,7,8,5,0,0,0,0,83,1,6,8.0,0,9,6,10,10,4,6,8,0,0,0,0
147,4,37,10,0,5,5.0,1,0,10,2,5,10,10,0,0,0,0,0,30,0,5,7.0,1,0,8,4,3,7,3,0,0,0,0,0,35,1,5,7.0,0,4,1,1,8,1,7,0,0,0,0,0,82,0,5,6.5,0,10,1,6,7,8,5,0,0,0,0,0,77,0,5,7.5,0,6,10,10,4,6,8,0,0,0,0,0
147,5,17,10,0,4,4.0,1,0,2,5,10,10,0,0,0,0,0,0,22,0,4,6.5,0,8,4,3,7,3,0,0,0,0,0,0,34,1,4,6.5,0,1,1,8,1,7,0,0,0,0,0,0,81,0,4,6.0,0,1,6,7,8,5,0,0,0,0,0,0,77,0,4,6.5,1,0,10,4,6,8,0,0,0,0,0,0
147,6,15,10,0,3,3.0,1,0,5,10,10,0,0,0,0,0,0,0,18,0,3,6.0,0,4,3,7,3,0,0,0,0,0,0,0,33,1,3,6.0,0,1,8,1,7,0,0,0,0,0,0,0,75,0,3,5.5,0,6,7,8,5,0,0,0,0,0,0,0,67,0,3,6.0,0,10,4,6,8,0,0,0,0,0,0,0
147,7,15,5,0,2,2.5,0,5,10,10,0,0,0,0,0,0,0,0,15,1,2,5.5,0,3,7,3,0,0,0,0,0,0,0,0,25,1,2,5.5,0,8,1,7,0,0,0,0,0,0,0,0,68,0,2,5.0,0,7,8,5,0,0,0,0,0,0,0,0,63,0,2,5.5,0,4,6,8,0,0,0,0,0,0,0,0
147,8,0,5,0,1,1.5,1,0,10,0,0,0,0,0,0,0,0,0,15,1,1,4.5,1,0,3,0,0,0,0,0,0,0,0,0,24,1,1,5.0,0,1,7,0,0,0,0,0,0,0,0,0,68,0,1,4.0,1,0,5,0,0,0,0,0,0,0,0,0,57,0,1,5.0,0,6,8,0,0,0,0,0,0,0,0,0
147,9,0,0,0,0,1.0,0,0,0,0,0,0,0,0,0,0,0,0,12,1,0,4.0,0,3,0,0,0,0,0,0,0,0,0,0,17,1,0,4.5,0,7,0,0,0,0,0,0,0,0,0,0,63,0,0,3.5,0,5,0,0,0,0,0,0,0,0,0,0,57,0,0,4.0,1,0,0,0,0,0,0,0,0,0,0,0
148,0,94,10,0,9,9.0,1,0,1,7,9,7,2,3,10,8,10,0,46,1,9,9.5,0,4,8,4,4,5,9,8,9,6,2,0,42,0,9,9.5,0,8,2,5,8,10,5,7,1,1,7,0,98,0,9,9.5,0,2,1,4,5,4,1,6,6,7,7,0,93,0,9,9.5,0,7,2,9,9,8,9,8,5,2,5,0
148,1,93,10,0,8,8.0,1,0,7,9,7,2,3,10,8,10,0,0,38,1,8,9.0,0,8,4,4,5,9,8,9,6,2,0,0,40,0,8,9.0,0,2,5,8,10,5,7,1,1,7,0,0,97,0,8,9.0,0,1,4,5,4,1,6,6,7,7,0,0,91,0,8,9.0,0,2,9,9,8,9,8,5,2,5,0,0
148,2,73,10,0,7,7.0,1,0,9,7,2,3,10,8,10,0,0,0,34,1,7,8.5,0,4,4,5,9,8,9,6,2,0,0,0,35,0,7,8.5,0,5,8,10,5,7,1,1,7,0,0,0,97,0,7,8.0,1,0,5,4,1,6,6,7,7,0,0,0,91,1,7,8.0,1,0,9,8,9,8,5,2,5,0,0,0
148,3,55,10,0,6,6.0,1,0,7,2,3,10,8,10,0,0,0,0,30,1,6,8.0,0,4,5,9,8,9,6,2,0,0,0,0,27,0,6,8.0,0,8,10,5,7,1,1,7,0,0,0,0,92,0,6,7.5,0,5,4,1,6,6,7,7,0,0,0,0,91,1,6,7.0,1,9,8,9,8,5,2,5,0,0,0,0
148,4,47,3,0,5,5.5,0,7,2,3,10,8,10,0,0,0,0,0,25,1,5,7.5,0,5,9,8,9,6,2,0,0,0,0,0,17,0,5,7.5,0,10,5,7,1,1,7,0,0,0,0,0,88,0,5,7.0,0,4,1,6,6,7,7,0,0,0,0,0,91,1,5,6.0,1,8,9,8,5,2,5,0,0,0,0,0
148,5,38,1,0,4,5.0,0,2,3,10,8,10,0,0,0,0,0,0,25,0,4,6.5,1,9,8,9,6,2,0,0,0,0,0,0,12,0,4,7.0,0,5,7,1,1,7,0,0,0,0,0,0,87,0,4,6.5,0,1,6,6,7,7,0,0,0,0,0,0,82,1,4,5.5,0,9,8,5,2,5,0,0,0,0,0,0
148,6,35,1,0,3,4.0,1,0,10,8,10,0,0,0,0,0,0,0,17,0,3,6.0,0,8,9,6,2,0,0,0,0,0,0,0,5,0,3,6.5,0,7,1,1,7,0,0,0,0,0,0,0,81,0,3,6.0,0,6,6,7,7,0,0,0,0,0,0,0,74,0,3,5.0,0,8,5,2,5,0,0,0,0,0,0,0
148,7,10,1,1,2,3.0,1,0,8,10,0,0,0,0,0,0,0,0,17,0,2,5.0,1,0,6,2,0,0,0,0,0,0,0,0,4,0,2,6.0,0,1,1,7,0,0,0,0,0,0,0,0,81,0,2,5.0,1,0,7,7,0,0,0,0,0,0,0,0,69,1,2,4.5,0,5,2,5,0,0,0,0,0,0,0,0
148,8,0,1,1,1,2.0,1,0,10,0,0,0,0,0,0,0,0,0,11,0,1,4.5,0,6,2,0,0,0,0,0,0,0,0,0,3,1,1,5.5,0,1,7,0,0,0,0,0,0,0,0,0,74,0,1,4.5,0,7,7,0,0,0,0,0,0,0,0,0,69,1,1,3.5,1,2,5,0,0,0,0,0,0,0,0,0
148,9,0,1,1,0,1.0,1,0,0,0,0,0,0,0,0,0,0,0,9,0,0,4.0,0,2,0,0,0,0,0,0,0,0,0,0,0,1,0,5.0,0,0,0,0,0,0,0,0,0,0,0,0,67,0,0,4.0,0,7,0,0,0,0,0,0,0,0,0,0,64,1,0,3.0,0,5,0,0,0,0,0,0,0,0,0,0
149,0,95,5,0,9,9.5,0,5,3,5,4,3,2,4,3,1,3,0,46,0,9,9.5,0,4,10,7,1,10,7,2,4,4,3,0,45,0,9,9.5,0,5,7,7,8,1,8,8,6,5,9,0,95,1,9,9.5,0,5,7,10,8,8,2,2,9,10,4,0,100,0,9,9.0,1,0,6,9,6,5,8,2,2,3,7,0
149,1,95,2,0,8,9.0,0,3,5,4,3,2,4,3,1,3,0,0,36,0,8,9.0,0,10,7,1,10,7,2,4,4,3,0,0,38,0,8,9.0,0,7,7,8,1,8,8,6,5,9,0,0,88,1,8,9.0,0,7,10,8,8,2,2,9,10,4,0,0,94,0,8,8.5,0,6,9,6,5,8,2,2,3,7,0,0
149,2,73,2,0,7,8.0,1,0,4,3,2,4,3,1,3,0,0,0,36,0,7,8.0,1,0,1,10,7,2,4,4,3,0,0,0,31,0,7,8.5,0,7,8,1,8,8,6,5,9,0,0,0,88,1,7,8.0,1,10,8,8,2,2,9,10,4,0,0,0,85,0,7,8.0,0,9,6,5,8,2,2,3,7,0,0,0
149,3,59,0,0,6,7.5,0,0,3,2,4,3,1,3,0,0,0,0,35,0,6,7.5,0,1,10,7,2,4,4,3,0,0,0,0,31,1,6,7.5,1,0,1,8,8,6,5,9,0,0,0,0,80,1,6,7.5,0,8,8,2,2,9,10,4,0,0,0,0,85,0,6,7.0,1,0,5,8,2,2,3,7,0,0,0,0
149,4,37,0,0,5,6.5,1,0,2,4,3,1,3,0,0,0,0,0,35,1,5,6.5,1,0,7,2,4,4,3,0,0,0,0,0,31,0,5,6.5,1,1,8,8,6,5,9,0,0,0,0,0,80,1,5,6.5,1,8,2,2,9,10,4,0,0,0,0,0,80,0,5,6.5,0,5,8,2,2,3,7,0,0,0,0,0
149,5,33,0,0,4,5.5,1,0,4,3,1,3,0,0,0,0,0,0,28,1,4,6.0,0,7,2,4,4,3,0,0,0,0,0,0,23,0,4,6.0,0,8,8,6,5,9,0,0,0,0,0,0,80,1,4,5.5,1,2,2,9,10,4,0,0,0,0,0,0,72,0,4,6.0,0,8,2,2,3,7,0,0,0,0,0,0
149,6,29,0,0,3,5.0,0,0,3,1,3,0,0,0,0,0,0,0,28,1,3,5.0,1,2,4,4,3,0,0,0,0,0,0,0,15,0,3,5.5,0,8,6,5,9,0,0,0,0,0,0,0,80,1,3,4.5,1,2,9,10,4,0,0,0,0,0,0,0,70,0,3,5.5,0,2,2,3,7,0,0,0,0,0,0,0
149,7,11,0,0,2,4.0,1,0,1,3,0,0,0,0,0,0,0,0,24,0,2,4.5,0,4,4,3,0,0,0,0,0,0,0,0,15,0,2,4.5,1,0,5,9,0,0,0,0,0,0,0,0,80,0,2,3.5,1,9,10,4,0,0,0,0,0,0,0,0,68,0,2,5.0,0,2,3,7,0,0,0,0,0,0,0,0
149,8,7,0,0,1,3.0,1,0,3,0,0,0,0,0,0,0,0,0,20,0,1,4.0,0,4,3,0,0,0,0,0,0,0,0,0,10,0,1,4.0,0,5,9,0,0,0,0,0,0,0,0,0,70,1,1,3.0,0,10,4,0,0,0,0,0,0,0,0,0,68,1,1,4.0,1,0,7,0,0,0,0,0,0,0,0,0
149,9,7,0,0,0,2.5,0,0,0,0,0,0,0,0,0,0,0,0,17,0,0,3.5,0,3,0,0,0,0,0,0,0,0,0,0,1,0,0,3.5,0,9,0,0,0,0,0,0,0,0,0,0,66,0,0,2.5,0,4,0,0,0,0,0,0,0,0,0,0,61,1,0,3.5,0,7,0,0,0,0,0,0,0,0,0,0
150,0,88,10,1,9,9.0,1,3,2,3,9,8,7,5,3,6,8,0,47,1,9,9.5,0,3,7,2,3,10,3,8,1,3,9,0,40,1,9,9.5,0,10,9,9,3,6,8,2,6,2,5,0,95,0,9,9.5,0,5,3,3,3,9,8,4,2,5,2,0,100,1,9,9.0,1,9,9,6,2,1,2,10,5,2,10,0
150,1,77,10,1,8,8.0,1,2,3,9,8,7,5,3,6,8,0,0,40,1,8,9.0,0,7,2,3,10,3,8,1,3,9,0,0,31,1,8,9.0,0,9,9,3,6,8,2,6,2,5,0,0,92,0,8,9.0,0,3,3,3,9,8,4,2,5,2,0,0,100,1,8,8.0,1,9,6,2,1,2,10,5,2,10,0,0
150,2,74,7,1,7,7.5,0,3,9,8,7,5,3,6,8,0,0,0,38,1,7,8.5,0,2,3,10,3,8,1,3,9,0,0,0,22,1,7,8.5,0,9,3,6,8,2,6,2,5,0,0,0,92,0,7,8.0,1,0,3,9,8,4,2,5,2,0,0,0,94,1,7,7.5,0,6,2,1,2,10,5,2,10,0,0,0
150,3,65,7,1,6,6.5,1,0,8,7,5,3,6,8,0,0,0,0,35,1,6,8.0,0,3,10,3,8,1,3,9,0,0,0,0,19,1,6,8.0,0,3,6,8,2,6,2,5,0,0,0,0,89,0,6,7.5,0,3,9,8,4,2,5,2,0,0,0,0,92,1,6,7.0,0,2,1,2,10,5,2,10,0,0,0,0
150,4,40,7,1,5,5.5,1,0,7,5,3,6,8,0,0,0,0,0,35,1,5,7.0,1,10,3,8,1,3,9,0,0,0,0,0,19,1,5,7.0,1,6,8,2,6,2,5,0,0,0,0,0,80,0,5,7.0,0,9,8,4,2,5,2,0,0,0,0,0,92,1,5,6.0,1,1,2,10,5,2,10,0,0,0,0,0
150,5,25,7,1,4,4.5,1,7,5,3,6,8,0,0,0,0,0,0,32,1,4,6.5,0,3,8,1,3,9,0,0,0,0,0,0,11,1,4,6.5,0,8,2,6,2,5,0,0,0,0,0,0,80,0,4,6.0,1,0,4,2,5,2,0,0,0,0,0,0,90,1,4,5.5,0,2,10,5,2,10,0,0,0,0,0,0
150,6,0,7,1,3,3.5,1,5,3,6,8,0,0,0,0,0,0,0,32,1,3,5.5,1,8,1,3,9,0,0,0,0,0,0,0,9,1,3,6.0,0,2,6,2,5,0,0,0,0,0,0,0,80,0,3,5.0,1,0,2,5,2,0,0,0,0,0,0,0,90,1,3,4.5,1,0,5,2,10,0,0,0,0,0,0,0
150,7,0,7,1,2,2.5,1,0,6,8,0,0,0,0,0,0,0,0,31,1,2,5.0,0,1,3,9,0,0,0,0,0,0,0,0,3,1,2,5.5,0,6,2,5,0,0,0,0,0,0,0,0,80,1,2,4.0,1,0,5,2,0,0,0,0,0,0,0,0,90,0,2,3.5,1,0,2,10,0,0,0,0,0,0,0,0
150,8,0,7,1,1,1.5,1,0,8,0,0,0,0,0,0,0,0,0,28,1,1,4.5,0,3,9,0,0,0,0,0,0,0,0,0,1,0,1,5.0,0,2,5,0,0,0,0,0,0,0,0,0,75,1,1,3.5,0,5,2,0,0,0,0,0,0,0,0,0,88,0,1,3.0,0,2,10,0,0,0,0,0,0,0,0,0
150,9,0,7,1,0,0.5,1,0,0,0,0,0,0,0,0,0,0,0,19,1,0,4.0,0,9,0,0,0,0,0,0,0,0,0,0,1,0,0,4.0,1,0,0,0,0,0,0,0,0,0,0,0,73,0,0,3.0,0,2,0,0,0,0,0,0,0,0,0,0,78,0,0,2.5,0,10,0,0,0,0,0,0,0,0,0,0
151,0,99,3,1,9,9.5,0,7,2,5,9,2,4,4,10,7,10,0,40,0,9,9.5,0,10,2,7,2,4,6,10,5,9,7,0,46,1,9,9.5,0,4,1,1,6,2,7,6,4,4,3,0,100,0,9,9.0,1,0,5,7,5,2,7,3,8,5,7,0,96,1,9,9.5,0,4,3,6,1,6,4,10,2,3,6,0
151,1,86,3,1,8,8.5,1,2,5,9,2,4,4,10,7,10,0,0,40,0,8,8.5,1,0,7,2,4,6,10,5,9,7,0,0,46,1,8,8.5,1,1,1,6,2,7,6,4,4,3,0,0,100,0,8,8.0,1,0,7,5,2,7,3,8,5,7,0,0,96,0,8,8.5,1,3,6,1,6,4,10,2,3,6,0,0
151,2,80,3,1,7,7.5,1,0,9,2,4,4,10,7,10,0,0,0,33,0,7,8.0,0,7,2,4,6,10,5,9,7,0,0,0,46,1,7,7.5,1,1,6,2,7,6,4,4,3,0,0,0,93,0,7,7.5,0,7,5,2,7,3,8,5,7,0,0,0,90,1,7,8.0,0,6,1,6,4,10,2,3,6,0,0,0
151,3,69,3,1,6,6.5,1,0,2,4,4,10,7,10,0,0,0,0,33,0,6,7.0,1,0,4,6,10,5,9,7,0,0,0,0,40,1,6,7.0,0,6,2,7,6,4,4,3,0,0,0,0,88,0,6,7.0,0,5,2,7,3,8,5,7,0,0,0,0,89,1,6,7.5,0,1,6,4,10,2,3,6,0,0,0,0
151,4,67,1,1,5,6.0,0,2,4,4,10,7,10,0,0,0,0,0,29,0,5,6.5,0,4,6,10,5,9,7,0,0,0,0,0,40,1,5,6.0,1,2,7,6,4,4,3,0,0,0,0,0,86,0,5,6.5,0,2,7,3,8,5,7,0,0,0,0,0,83,1,5,7.0,0,6,4,10,2,3,6,0,0,0,0,0
151,5,39,1,1,4,5.0,1,0,4,10,7,10,0,0,0,0,0,0,29,0,4,5.5,1,0,10,5,9,7,0,0,0,0,0,0,40,1,4,5.0,1,7,6,4,4,3,0,0,0,0,0,0,86,0,4,5.5,1,0,3,8,5,7,0,0,0,0,0,0,83,1,4,6.0,1,4,10,2,3,6,0,0,0,0,0,0
151,6,35,1,1,3,4.0,1,0,10,7,10,0,0,0,0,0,0,0,19,0,3,5.0,0,10,5,9,7,0,0,0,0,0,0,0,34,0,3,4.5,0,6,4,4,3,0,0,0,0,0,0,0,83,0,3,5.0,0,3,8,5,7,0,0,0,0,0,0,0,73,1,3,5.5,0,10,2,3,6,0,0,0,0,0,0,0
151,7,15,1,1,2,3.0,1,0,7,10,0,0,0,0,0,0,0,0,14,0,2,4.5,0,5,9,7,0,0,0,0,0,0,0,0,30,0,2,4.0,0,4,4,3,0,0,0,0,0,0,0,0,83,0,2,4.0,1,0,5,7,0,0,0,0,0,0,0,0,73,0,2,4.5,1,2,3,6,0,0,0,0,0,0,0,0
151,8,0,1,1,1,2.0,1,0,10,0,0,0,0,0,0,0,0,0,14,0,1,3.5,1,0,7,0,0,0,0,0,0,0,0,0,30,0,1,3.0,1,0,3,0,0,0,0,0,0,0,0,0,78,0,1,3.5,0,5,7,0,0,0,0,0,0,0,0,0,70,0,1,4.0,0,3,6,0,0,0,0,0,0,0,0,0
151,9,0,1,1,0,1.0,1,0,0,0,0,0,0,0,0,0,0,0,7,0,0,3.0,0,7,0,0,0,0,0,0,0,0,0,0,27,1,0,2.5,0,3,0,0,0,0,0,0,0,0,0,0,71,0,0,3.0,0,7,0,0,0,0,0,0,0,0,0,0,64,1,0,3.5,0,6,0,0,0,0,0,0,0,0,0,0
152,0,87,10,1,9,9.0,1,7,2,6,10,5,6,9,7,8,1,0,50,0,9,9.0,1,6,1,3,4,2,9,9,9,2,6,0,47,1,9,9.5,0,3,9,3,6,8,1,1,4,3,10,0,99,0,9,9.5,0,1,3,4,7,7,2,2,1,7,7,0,98,1,9,9.5,0,2,2,1,3,7,3,7,7,2,1,0
152,1,82,10,1,8,8.0,1,2,6,10,5,6,9,7,8,1,0,0,49,1,8,8.5,0,1,3,4,2,9,9,9,2,6,0,0,38,1,8,9.0,0,9,3,6,8,1,1,4,3,10,0,0,99,0,8,8.5,1,0,4,7,7,2,2,1,7,7,0,0,96,0,8,9.0,0,2,1,3,7,3,7,7,2,1,0,0
152,2,72,10,1,7,7.0,1,6,10,5,6,9,7,8,1,0,0,0,49,1,7,7.5,1,3,4,2,9,9,9,2,6,0,0,0,35,1,7,8.5,0,3,6,8,1,1,4,3,10,0,0,0,95,1,7,8.0,0,4,7,7,2,2,1,7,7,0,0,0,96,0,7,8.0,1,0,3,7,3,7,7,2,1,0,0,0
152,3,62,10,1,6,6.0,1,10,5,6,9,7,8,1,0,0,0,0,45,1,6,7.0,0,4,2,9,9,9,2,6,0,0,0,0,29,1,6,8.0,0,6,8,1,1,4,3,10,0,0,0,0,88,1,6,7.5,0,7,7,2,2,1,7,7,0,0,0,0,93,1,6,7.5,0,3,7,3,7,7,2,1,0,0,0,0
152,4,62,5,1,5,5.5,0,5,6,9,7,8,1,0,0,0,0,0,43,1,5,6.5,0,2,9,9,9,2,6,0,0,0,0,0,21,1,5,7.5,0,8,1,1,4,3,10,0,0,0,0,0,81,1,5,7.0,0,7,2,2,1,7,7,0,0,0,0,0,86,0,5,7.0,0,7,3,7,7,2,1,0,0,0,0,0
152,5,56,5,1,4,4.5,1,0,9,7,8,1,0,0,0,0,0,0,34,1,4,6.0,0,9,9,9,2,6,0,0,0,0,0,0,20,1,4,7.0,0,1,1,4,3,10,0,0,0,0,0,0,79,1,4,6.5,0,2,2,1,7,7,0,0,0,0,0,0,83,1,4,6.5,0,3,7,7,2,1,0,0,0,0,0,0
152,6,47,5,1,3,3.5,1,0,7,8,1,0,0,0,0,0,0,0,25,1,3,5.5,0,9,9,2,6,0,0,0,0,0,0,0,19,1,3,6.5,0,1,4,3,10,0,0,0,0,0,0,0,77,1,3,6.0,0,2,1,7,7,0,0,0,0,0,0,0,76,1,3,6.0,0,7,7,2,1,0,0,0,0,0,0,0
152,7,40,5,1,2,2.5,1,0,8,1,0,0,0,0,0,0,0,0,16,1,2,5.0,0,9,2,6,0,0,0,0,0,0,0,0,15,1,2,6.0,0,4,3,10,0,0,0,0,0,0,0,0,76,1,2,5.5,0,1,7,7,0,0,0,0,0,0,0,0,69,1,2,5.5,0,7,2,1,0,0,0,0,0,0,0,0
152,8,38,0,1,1,2.0,0,0,1,0,0,0,0,0,0,0,0,0,16,1,1,4.0,1,2,6,0,0,0,0,0,0,0,0,0,12,1,1,5.5,0,3,10,0,0,0,0,0,0,0,0,0,69,1,1,5.0,0,7,7,0,0,0,0,0,0,0,0,0,67,1,1,5.0,0,2,1,0,0,0,0,0,0,0,0,0
152,9,37,0,1,0,1.0,1,0,0,0,0,0,0,0,0,0,0,0,10,1,0,3.5,0,6,0,0,0,0,0,0,0,0,0,0,2,1,0,5.0,0,10,0,0,0,0,0,0,0,0,0,0,62,1,0,4.5,0,7,0,0,0,0,0,0,0,0,0,0,66,1,0,4.5,0,1,0,0,0,0,0,0,0,0,0,0
153,0,78,2,0,9,9.5,0,8,1,4,8,2,8,5,9,6,3,0,50,0,9,9.0,1,3,7,9,8,9,9,3,2,8,10,0,46,0,9,9.5,0,4,3,7,9,2,6,3,9,6,1,0,100,1,9,9.0,1,9,10,4,2,7,6,7,5,4,5,0,100,1,9,9.0,1,10,5,7,8,6,5,6,4,10,4,0
153,1,74,2,0,8,8.5,1,0,4,8,2,8,5,9,6,3,0,0,43,0,8,8.5,0,7,9,8,9,9,3,2,8,10,0,0,46,1,8,8.5,1,0,7,9,2,6,3,9,6,1,0,0,90,1,8,8.5,0,10,4,2,7,6,7,5,4,5,0,0,95,0,8,8.5,0,5,7,8,6,5,6,4,10,4,0,0
153,2,66,2,0,7,7.5,1,0,8,2,8,5,9,6,3,0,0,0,34,0,7,8.0,0,9,8,9,9,3,2,8,10,0,0,0,39,1,7,8.0,0,7,9,2,6,3,9,6,1,0,0,0,90,0,7,7.5,1,4,2,7,6,7,5,4,5,0,0,0,88,1,7,8.0,0,7,8,6,5,6,4,10,4,0,0,0
153,3,41,2,1,6,6.5,1,0,2,8,5,9,6,3,0,0,0,0,34,1,6,7.0,1,0,9,9,3,2,8,10,0,0,0,0,39,1,6,7.0,1,9,2,6,3,9,6,1,0,0,0,0,88,0,6,7.0,0,2,7,6,7,5,4,5,0,0,0,0,80,1,6,7.5,0,8,6,5,6,4,10,4,0,0,0,0
153,4,33,2,0,5,5.5,1,2,8,5,9,6,3,0,0,0,0,0,25,1,5,6.5,0,9,9,3,2,8,10,0,0,0,0,0,37,1,5,6.5,0,2,6,3,9,6,1,0,0,0,0,0,81,1,5,6.5,0,7,6,7,5,4,5,0,0,0,0,0,80,1,5,6.5,1,6,5,6,4,10,4,0,0,0,0,0
153,5,16,2,0,4,4.5,1,0,5,9,6,3,0,0,0,0,0,0,25,1,4,5.5,1,9,3,2,8,10,0,0,0,0,0,0,31,0,4,6.0,0,6,3,9,6,1,0,0,0,0,0,0,75,1,4,6.0,0,6,7,5,4,5,0,0,0,0,0,0,75,1,4,6.0,0,5,6,4,10,4,0,0,0,0,0,0
153,6,11,2,0,3,3.5,1,0,9,6,3,0,0,0,0,0,0,0,22,1,3,5.0,0,3,2,8,10,0,0,0,0,0,0,0,28,0,3,5.5,0,3,9,6,1,0,0,0,0,0,0,0,68,1,3,5.5,0,7,5,4,5,0,0,0,0,0,0,0,69,1,3,5.5,0,6,4,10,4,0,0,0,0,0,0,0
153,7,2,0,0,2,3.0,0,0,6,3,0,0,0,0,0,0,0,0,20,1,2,4.5,0,2,8,10,0,0,0,0,0,0,0,0,28,0,2,4.5,1,0,6,1,0,0,0,0,0,0,0,0,63,1,2,5.0,0,5,4,5,0,0,0,0,0,0,0,0,65,1,2,5.0,0,4,10,4,0,0,0,0,0,0,0,0
153,8,0,0,0,1,2.0,1,0,3,0,0,0,0,0,0,0,0,0,12,1,1,4.0,0,8,10,0,0,0,0,0,0,0,0,0,28,0,1,3.5,1,0,1,0,0,0,0,0,0,0,0,0,59,1,1,4.5,0,4,5,0,0,0,0,0,0,0,0,0,55,1,1,4.5,0,10,4,0,0,0,0,0,0,0,0,0
153,9,0,0,0,0,1.0,1,0,0,0,0,0,0,0,0,0,0,0,2,1,0,3.5,0,10,0,0,0,0,0,0,0,0,0,0,27,0,0,3.0,0,1,0,0,0,0,0,0,0,0,0,0,54,1,0,4.0,0,5,0,0,0,0,0,0,0,0,0,0,55,1,0,3.5,1,0,0,0,0,0,0,0,0,0,0,0
154,0,81,10,0,9,9.0,1,0,9,9,4,9,6,4,3,7,6,0,43,1,9,9.5,0,7,10,6,4,5,7,8,1,9,10,0,50,1,9,9.0,1,8,2,3,10,8,7,7,2,4,1,0,98,0,9,9.5,0,2,8,1,3,9,9,10,8,4,2,0,100,1,9,9.0,1,3,1,10,2,1,5,6,4,4,10,0
154,1,69,10,0,8,8.0,1,0,9,4,9,6,4,3,7,6,0,0,33,1,8,9.0,0,10,6,4,5,7,8,1,9,10,0,0,50,1,8,8.0,1,2,3,10,8,7,7,2,4,1,0,0,90,0,8,9.0,0,8,1,3,9,9,10,8,4,2,0,0,100,1,8,8.0,1,1,10,2,1,5,6,4,4,10,0,0
154,2,53,10,0,7,7.0,1,0,4,9,6,4,3,7,6,0,0,0,33,1,7,8.0,1,6,4,5,7,8,1,9,10,0,0,0,47,1,7,7.5,0,3,10,8,7,7,2,4,1,0,0,0,90,0,7,8.0,1,0,3,9,9,10,8,4,2,0,0,0,90,1,7,7.5,0,10,2,1,5,6,4,4,10,0,0,0
154,3,46,10,0,6,6.0,1,0,9,6,4,3,7,6,0,0,0,0,29,1,6,7.5,0,4,5,7,8,1,9,10,0,0,0,0,37,1,6,7.0,0,10,8,7,7,2,4,1,0,0,0,0,90,0,6,7.0,1,0,9,9,10,8,4,2,0,0,0,0,88,1,6,7.0,0,2,1,5,6,4,4,10,0,0,0,0
154,4,46,1,0,5,5.5,0,9,6,4,3,7,6,0,0,0,0,0,24,1,5,7.0,0,5,7,8,1,9,10,0,0,0,0,0,29,1,5,6.5,0,8,7,7,2,4,1,0,0,0,0,0,81,0,5,6.5,0,9,9,10,8,4,2,0,0,0,0,0,87,1,5,6.5,0,1,5,6,4,4,10,0,0,0,0,0
154,5,33,1,0,4,4.5,1,0,4,3,7,6,0,0,0,0,0,0,24,1,4,6.0,1,7,8,1,9,10,0,0,0,0,0,0,22,1,4,6.0,0,7,7,2,4,1,0,0,0,0,0,0,72,0,4,6.0,0,9,10,8,4,2,0,0,0,0,0,0,82,1,4,6.0,0,5,6,4,4,10,0,0,0,0,0,0
154,6,27,0,0,3,4.0,0,0,3,7,6,0,0,0,0,0,0,0,16,1,3,5.5,0,8,1,9,10,0,0,0,0,0,0,0,15,1,3,5.5,0,7,2,4,1,0,0,0,0,0,0,0,62,1,3,5.5,0,10,8,4,2,0,0,0,0,0,0,0,82,0,3,5.0,1,6,4,4,10,0,0,0,0,0,0,0
154,7,20,0,0,2,3.0,1,0,7,6,0,0,0,0,0,0,0,0,15,1,2,5.0,0,1,9,10,0,0,0,0,0,0,0,0,13,1,2,5.0,0,2,4,1,0,0,0,0,0,0,0,0,54,1,2,5.0,0,8,4,2,0,0,0,0,0,0,0,0,82,0,2,4.0,1,0,4,10,0,0,0,0,0,0,0,0
154,8,13,0,1,1,2.0,1,0,6,0,0,0,0,0,0,0,0,0,6,1,1,4.5,0,9,10,0,0,0,0,0,0,0,0,0,9,1,1,4.5,0,4,1,0,0,0,0,0,0,0,0,0,50,1,1,4.5,0,4,2,0,0,0,0,0,0,0,0,0,78,1,1,3.5,0,4,10,0,0,0,0,0,0,0,0,0
154,9,7,0,1,0,1.0,1,0,0,0,0,0,0,0,0,0,0,0,0,1,0,4.0,0,0,0,0,0,0,0,0,0,0,0,0,8,1,0,4.0,0,1,0,0,0,0,0,0,0,0,0,0,48,1,0,4.0,0,2,0,0,0,0,0,0,0,0,0,0,68,1,0,3.0,0,10,0,0,0,0,0,0,0,0,0,0
155,0,78,10,0,9,9.0,1,0,2,7,5,1,2,6,1,3,9,0,40,0,9,9.5,0,10,1,5,4,4,3,5,6,7,3,0,50,0,9,9.0,1,0,10,8,1,7,1,1,7,5,1,0,100,0,9,9.0,1,0,5,1,7,5,8,10,5,7,5,0,94,0,9,9.5,0,6,6,10,4,2,9,5,6,10,3,0
155,1,76,10,0,8,8.0,1,0,7,5,1,2,6,1,3,9,0,0,39,0,8,9.0,0,1,5,4,4,3,5,6,7,3,0,0,40,0,8,8.5,0,10,8,1,7,1,1,7,5,1,0,0,95,0,8,8.5,0,5,1,7,5,8,10,5,7,5,0,0,88,0,8,9.0,0,6,10,4,2,9,5,6,10,3,0,0
155,2,76,3,0,7,7.5,0,7,5,1,2,6,1,3,9,0,0,0,34,0,7,8.5,0,5,4,4,3,5,6,7,3,0,0,0,32,0,7,8.0,0,8,1,7,1,1,7,5,1,0,0,0,94,0,7,8.0,0,1,7,5,8,10,5,7,5,0,0,0,78,0,7,8.5,0,10,4,2,9,5,6,10,3,0,0,0
155,3,72,0,0,6,7.0,0,0,1,2,6,1,3,9,0,0,0,0,34,0,6,7.5,1,0,4,3,5,6,7,3,0,0,0,0,31,0,6,7.5,0,1,7,1,1,7,5,1,0,0,0,0,87,0,6,7.5,0,7,5,8,10,5,7,5,0,0,0,0,74,0,6,8.0,0,4,2,9,5,6,10,3,0,0,0,0
155,4,69,0,0,5,6.0,1,0,2,6,1,3,9,0,0,0,0,0,30,0,5,7.0,0,4,3,5,6,7,3,0,0,0,0,0,24,0,5,7.0,0,7,1,1,7,5,1,0,0,0,0,0,82,0,5,7.0,0,5,8,10,5,7,5,0,0,0,0,0,74,0,5,7.0,1,0,9,5,6,10,3,0,0,0,0,0
155,5,56,0,0,4,5.0,1,0,6,1,3,9,0,0,0,0,0,0,30,1,4,6.0,1,0,5,6,7,3,0,0,0,0,0,0,23,0,4,6.5,0,1,1,7,5,1,0,0,0,0,0,0,82,0,4,6.0,1,0,10,5,7,5,0,0,0,0,0,0,65,1,4,6.5,0,9,5,6,10,3,0,0,0,0,0,0
155,6,45,0,0,3,4.0,1,0,1,3,9,0,0,0,0,0,0,0,25,1,3,5.5,0,5,6,7,3,0,0,0,0,0,0,0,22,0,3,6.0,0,1,7,5,1,0,0,0,0,0,0,0,72,0,3,5.5,0,10,5,7,5,0,0,0,0,0,0,0,65,1,3,5.5,1,5,6,10,3,0,0,0,0,0,0,0
155,7,32,0,0,2,3.5,0,0,3,9,0,0,0,0,0,0,0,0,19,1,2,5.0,0,6,7,3,0,0,0,0,0,0,0,0,22,0,2,5.0,1,0,5,1,0,0,0,0,0,0,0,0,67,0,2,5.0,0,5,7,5,0,0,0,0,0,0,0,0,65,0,2,4.5,1,6,10,3,0,0,0,0,0,0,0,0
155,8,29,0,0,1,2.5,1,0,9,0,0,0,0,0,0,0,0,0,12,0,1,4.5,0,7,3,0,0,0,0,0,0,0,0,0,17,0,1,4.5,0,5,1,0,0,0,0,0,0,0,0,0,60,0,1,4.5,0,7,5,0,0,0,0,0,0,0,0,0,55,0,1,4.0,0,10,3,0,0,0,0,0,0,0,0,0
155,9,29,0,0,0,2.0,0,0,0,0,0,0,0,0,0,0,0,0,9,0,0,4.0,0,3,0,0,0,0,0,0,0,0,0,0,16,0,0,4.0,0,1,0,0,0,0,0,0,0,0,0,0,55,0,0,4.0,0,5,0,0,0,0,0,0,0,0,0,0,52,1,0,3.5,0,3,0,0,0,0,0,0,0,0,0,0
156,0,84,10,1,9,9.0,1,7,9,6,6,2,1,5,7,6,1,0,40,0,9,9.5,0,10,1,5,6,1,10,5,3,4,3,0,42,0,9,9.5,0,8,10,3,6,2,7,4,4,1,7,0,92,0,9,9.5,0,8,8,1,9,3,7,9,8,8,7,0,100,1,9,9.0,1,9,5,5,3,7,4,5,7,10,9,0
156,1,75,10,1,8,8.0,1,9,6,6,2,1,5,7,6,1,0,0,39,0,8,9.0,0,1,5,6,1,10,5,3,4,3,0,0,32,0,8,9.0,0,10,3,6,2,7,4,4,1,7,0,0,84,0,8,9.0,0,8,1,9,3,7,9,8,8,7,0,0,95,1,8,8.5,0,5,5,3,7,4,5,7,10,9,0,0
156,2,69,10,1,7,7.0,1,6,6,2,1,5,7,6,1,0,0,0,34,0,7,8.5,0,5,6,1,10,5,3,4,3,0,0,0,29,0,7,8.5,0,3,6,2,7,4,4,1,7,0,0,0,83,0,7,8.5,0,1,9,3,7,9,8,8,7,0,0,0,90,1,7,8.0,0,5,3,7,4,5,7,10,9,0,0,0
156,3,63,10,1,6,6.0,1,6,2,1,5,7,6,1,0,0,0,0,28,0,6,8.0,0,6,1,10,5,3,4,3,0,0,0,0,23,0,6,8.0,0,6,2,7,4,4,1,7,0,0,0,0,74,1,6,8.0,0,9,3,7,9,8,8,7,0,0,0,0,87,0,6,7.5,0,3,7,4,5,7,10,9,0,0,0,0
156,4,59,8,1,5,5.5,0,2,1,5,7,6,1,0,0,0,0,0,28,0,5,7.0,1,0,10,5,3,4,3,0,0,0,0,0,21,0,5,7.5,0,2,7,4,4,1,7,0,0,0,0,0,74,1,5,7.0,1,3,7,9,8,8,7,0,0,0,0,0,80,0,5,7.0,0,7,4,5,7,10,9,0,0,0,0,0
156,5,54,8,1,4,4.5,1,1,5,7,6,1,0,0,0,0,0,0,18,0,4,6.5,0,10,5,3,4,3,0,0,0,0,0,0,14,0,4,7.0,0,7,4,4,1,7,0,0,0,0,0,0,67,1,4,6.5,0,7,9,8,8,7,0,0,0,0,0,0,80,0,4,6.0,1,0,5,7,10,9,0,0,0,0,0,0
156,6,49,8,1,3,3.5,1,5,7,6,1,0,0,0,0,0,0,0,13,0,3,6.0,0,5,3,4,3,0,0,0,0,0,0,0,10,0,3,6.5,0,4,4,1,7,0,0,0,0,0,0,0,58,1,3,6.0,0,9,8,8,7,0,0,0,0,0,0,0,75,1,3,5.5,0,5,7,10,9,0,0,0,0,0,0,0
156,7,49,1,1,2,3.0,0,7,6,1,0,0,0,0,0,0,0,0,10,0,2,5.5,0,3,4,3,0,0,0,0,0,0,0,0,6,0,2,6.0,0,4,1,7,0,0,0,0,0,0,0,0,50,1,2,5.5,0,8,8,7,0,0,0,0,0,0,0,0,68,1,2,5.0,0,7,10,9,0,0,0,0,0,0,0,0
156,8,39,1,1,1,2.0,1,0,1,0,0,0,0,0,0,0,0,0,10,0,1,4.5,1,0,3,0,0,0,0,0,0,0,0,0,5,1,1,5.5,0,1,7,0,0,0,0,0,0,0,0,0,42,1,1,5.0,0,8,7,0,0,0,0,0,0,0,0,0,58,1,1,4.5,0,10,9,0,0,0,0,0,0,0,0,0
156,9,28,1,1,0,1.0,1,1,0,0,0,0,0,0,0,0,0,0,10,0,0,3.5,1,0,0,0,0,0,0,0,0,0,0,0,5,1,0,4.5,1,0,0,0,0,0,0,0,0,0,0,0,35,1,0,4.5,0,7,0,0,0,0,0,0,0,0,0,0,49,1,0,4.0,0,9,0,0,0,0,0,0,0,0,0,0
157,0,100,0,0,9,9.5,0,10,9,3,10,7,6,2,8,3,5,0,44,0,9,9.5,0,6,6,10,5,4,3,5,2,7,9,0,47,1,9,9.5,0,3,9,8,6,2,6,7,3,8,8,0,96,1,9,9.5,0,4,5,6,9,1,2,4,2,10,5,0,96,1,9,9.5,0,4,6,9,1,3,3,7,9,10,7,0
157,1,74,0,0,8,8.5,1,0,3,10,7,6,2,8,3,5,0,0,44,0,8,8.5,1,0,10,5,4,3,5,2,7,9,0,0,38,1,8,9.0,0,9,8,6,2,6,7,3,8,8,0,0,96,1,8,8.5,1,5,6,9,1,2,4,2,10,5,0,0,96,1,8,8.5,1,6,9,1,3,3,7,9,10,7,0,0
157,2,71,0,0,7,7.5,1,0,10,7,6,2,8,3,5,0,0,0,34,0,7,8.0,0,10,5,4,3,5,2,7,9,0,0,0,30,1,7,8.5,0,8,6,2,6,7,3,8,8,0,0,0,90,1,7,8.0,0,6,9,1,2,4,2,10,5,0,0,0,87,1,7,8.0,0,9,1,3,3,7,9,10,7,0,0,0
157,3,56,0,0,6,6.5,1,0,7,6,2,8,3,5,0,0,0,0,34,0,6,7.0,1,0,4,3,5,2,7,9,0,0,0,0,24,1,6,8.0,0,6,2,6,7,3,8,8,0,0,0,0,81,1,6,7.5,0,9,1,2,4,2,10,5,0,0,0,0,86,1,6,7.5,0,1,3,3,7,9,10,7,0,0,0,0
157,4,49,0,0,5,5.5,1,0,6,2,8,3,5,0,0,0,0,0,30,0,5,6.5,0,4,3,5,2,7,9,0,0,0,0,0,22,1,5,7.5,0,2,6,7,3,8,8,0,0,0,0,0,80,1,5,7.0,0,1,2,4,2,10,5,0,0,0,0,0,83,1,5,7.0,0,3,3,7,9,10,7,0,0,0,0,0
157,5,37,0,0,4,4.5,1,0,2,8,3,5,0,0,0,0,0,0,30,0,4,5.5,1,0,5,2,7,9,0,0,0,0,0,0,16,1,4,7.0,0,6,7,3,8,8,0,0,0,0,0,0,78,0,4,6.5,0,2,4,2,10,5,0,0,0,0,0,0,83,1,4,6.0,1,3,7,9,10,7,0,0,0,0,0,0
157,6,28,0,0,3,3.5,1,0,8,3,5,0,0,0,0,0,0,0,25,0,3,5.0,0,5,2,7,9,0,0,0,0,0,0,0,9,1,3,6.5,0,7,3,8,8,0,0,0,0,0,0,0,74,0,3,6.0,0,4,2,10,5,0,0,0,0,0,0,0,83,1,3,5.0,1,7,9,10,7,0,0,0,0,0,0,0
157,7,28,0,0,2,3.0,0,0,3,5,0,0,0,0,0,0,0,0,23,0,2,4.5,0,2,7,9,0,0,0,0,0,0,0,0,6,1,2,6.0,0,3,8,8,0,0,0,0,0,0,0,0,72,0,2,5.5,0,2,10,5,0,0,0,0,0,0,0,0,74,1,2,4.5,0,9,10,7,0,0,0,0,0,0,0,0
157,8,28,0,0,1,2.5,0,0,5,0,0,0,0,0,0,0,0,0,16,1,1,4.0,0,7,9,0,0,0,0,0,0,0,0,0,0,1,1,5.5,0,0,8,0,0,0,0,0,0,0,0,0,62,0,1,5.0,0,10,5,0,0,0,0,0,0,0,0,0,64,1,1,4.0,0,10,7,0,0,0,0,0,0,0,0,0
157,9,8,0,0,0,1.5,1,0,0,0,0,0,0,0,0,0,0,0,7,1,0,3.5,0,9,0,0,0,0,0,0,0,0,0,0,0,1,0,4.5,1,0,0,0,0,0,0,0,0,0,0,0,57,0,0,4.5,0,5,0,0,0,0,0,0,0,0,0,0,64,1,0,3.0,1,7,0,0,0,0,0,0,0,0,0,0
158,0,80,10,1,9,9.0,1,1,10,10,3,6,9,10,1,8,5,0,50,0,9,9.0,1,0,2,4,4,6,9,6,3,3,6,0,50,0,9,9.0,1,0,3,2,1,10,4,7,4,3,1,0,93,0,9,9.5,0,7,9,9,4,8,1,4,10,3,1,0,100,0,9,9.0,1,0,2,3,6,7,9,4,1,4,10,0
158,1,68,10,1,8,8.0,1,10,10,3,6,9,10,1,8,5,0,0,50,0,8,8.0,1,0,4,4,6,9,6,3,3,6,0,0,47,0,8,8.5,0,3,2,1,10,4,7,4,3,1,0,0,84,0,8,9.0,0,9,9,4,8,1,4,10,3,1,0,0,98,0,8,8.5,0,2,3,6,7,9,4,1,4,10,0,0
158,2,58,10,1,7,7.0,1,10,3,6,9,10,1,8,5,0,0,0,46,0,7,7.5,0,4,4,6,9,6,3,3,6,0,0,0,45,0,7,8.0,0,2,1,10,4,7,4,3,1,0,0,0,75,0,7,8.5,0,9,4,8,1,4,10,3,1,0,0,0,95,0,7,8.0,0,3,6,7,9,4,1,4,10,0,0,0
158,3,54,7,1,6,6.5,0,3,6,9,10,1,8,5,0,0,0,0,46,0,6,6.5,1,0,6,9,6,3,3,6,0,0,0,0,44,0,6,7.5,0,1,10,4,7,4,3,1,0,0,0,0,71,0,6,8.0,0,4,8,1,4,10,3,1,0,0,0,0,89,0,6,7.5,0,6,7,9,4,1,4,10,0,0,0,0
158,4,48,7,1,5,5.5,1,6,9,10,1,8,5,0,0,0,0,0,40,0,5,6.0,0,6,9,6,3,3,6,0,0,0,0,0,34,0,5,7.0,0,10,4,7,4,3,1,0,0,0,0,0,63,0,5,7.5,0,8,1,4,10,3,1,0,0,0,0,0,82,1,5,7.0,0,7,9,4,1,4,10,0,0,0,0,0
158,5,39,7,1,4,4.5,1,0,10,1,8,5,0,0,0,0,0,0,31,0,4,5.5,0,9,6,3,3,6,0,0,0,0,0,0,30,0,4,6.5,0,4,7,4,3,1,0,0,0,0,0,0,62,0,4,7.0,0,1,4,10,3,1,0,0,0,0,0,0,73,1,4,6.5,0,9,4,1,4,10,0,0,0,0,0,0
158,6,16,7,0,3,3.5,1,0,1,8,5,0,0,0,0,0,0,0,31,0,3,4.5,1,0,3,3,6,0,0,0,0,0,0,0,30,1,3,5.5,1,0,4,3,1,0,0,0,0,0,0,0,58,0,3,6.5,0,4,10,3,1,0,0,0,0,0,0,0,69,1,3,6.0,0,4,1,4,10,0,0,0,0,0,0,0
158,7,15,7,0,2,2.5,1,0,8,5,0,0,0,0,0,0,0,0,28,0,2,4.0,0,3,3,6,0,0,0,0,0,0,0,0,26,1,2,5.0,0,4,3,1,0,0,0,0,0,0,0,0,48,0,2,6.0,0,10,3,1,0,0,0,0,0,0,0,0,68,1,2,5.5,0,1,4,10,0,0,0,0,0,0,0,0
158,8,7,7,0,1,1.5,1,0,5,0,0,0,0,0,0,0,0,0,25,0,1,3.5,0,3,6,0,0,0,0,0,0,0,0,0,23,1,1,4.5,0,3,1,0,0,0,0,0,0,0,0,0,45,0,1,5.5,0,3,1,0,0,0,0,0,0,0,0,0,64,0,1,5.0,0,4,10,0,0,0,0,0,0,0,0,0
158,9,6,2,0,0,1.0,0,5,0,0,0,0,0,0,0,0,0,0,19,0,0,3.0,0,6,0,0,0,0,0,0,0,0,0,0,22,1,0,4.0,0,1,0,0,0,0,0,0,0,0,0,0,45,0,0,4.5,1,0,0,0,0,0,0,0,0,0,0,0,54,0,0,4.5,0,10,0,0,0,0,0,0,0,0,0,0
159,0,99,10,0,9,9.0,1,0,9,2,9,10,10,7,2,9,6,0,47,0,9,9.5,0,3,5,3,1,4,5,6,8,1,8,0,40,0,9,9.5,0,10,8,9,8,4,9,10,10,4,9,0,93,0,9,9.5,0,7,6,6,6,5,6,3,8,4,7,0,96,1,9,9.5,0,4,9,3,4,10,10,8,9,7,2,0
159,1,76,10,0,8,8.0,1,0,2,9,10,10,7,2,9,6,0,0,42,0,8,9.0,0,5,3,1,4,5,6,8,1,8,0,0,40,0,8,8.5,1,0,9,8,4,9,10,10,4,9,0,0,93,0,8,8.5,1,0,6,6,5,6,3,8,4,7,0,0,87,1,8,9.0,0,9,3,4,10,10,8,9,7,2,0,0
159,2,62,10,0,7,7.0,1,0,9,10,10,7,2,9,6,0,0,0,39,0,7,8.5,0,3,1,4,5,6,8,1,8,0,0,0,40,0,7,7.5,1,0,8,4,9,10,10,4,9,0,0,0,87,1,7,8.0,0,6,6,5,6,3,8,4,7,0,0,0,87,1,7,8.0,1,3,4,10,10,8,9,7,2,0,0,0
159,3,49,1,0,6,6.5,0,9,10,10,7,2,9,6,0,0,0,0,39,0,6,7.5,1,0,4,5,6,8,1,8,0,0,0,0,40,0,6,6.5,1,0,4,9,10,10,4,9,0,0,0,0,81,0,6,7.5,0,6,5,6,3,8,4,7,0,0,0,0,87,1,6,7.0,1,4,10,10,8,9,7,2,0,0,0,0
159,4,39,1,0,5,5.5,1,0,10,7,2,9,6,0,0,0,0,0,35,0,5,7.0,0,4,5,6,8,1,8,0,0,0,0,0,36,0,5,6.0,0,4,9,10,10,4,9,0,0,0,0,0,76,0,5,7.0,0,5,6,3,8,4,7,0,0,0,0,0,77,1,5,6.5,0,10,10,8,9,7,2,0,0,0,0,0
159,5,33,0,0,4,5.0,0,0,7,2,9,6,0,0,0,0,0,0,30,0,4,6.5,0,5,6,8,1,8,0,0,0,0,0,0,27,0,4,5.5,0,9,10,10,4,9,0,0,0,0,0,0,76,1,4,6.0,1,0,3,8,4,7,0,0,0,0,0,0,67,1,4,6.0,0,10,8,9,7,2,0,0,0,0,0,0
159,6,33,0,0,3,4.5,0,0,2,9,6,0,0,0,0,0,0,0,24,0,3,6.0,0,6,8,1,8,0,0,0,0,0,0,0,17,1,3,5.0,0,10,10,4,9,0,0,0,0,0,0,0,73,1,3,5.5,0,3,8,4,7,0,0,0,0,0,0,0,59,1,3,5.5,0,8,9,7,2,0,0,0,0,0,0,0
159,7,33,0,0,2,4.0,0,0,9,6,0,0,0,0,0,0,0,0,16,0,2,5.5,0,8,1,8,0,0,0,0,0,0,0,0,7,1,2,4.5,0,10,4,9,0,0,0,0,0,0,0,0,65,1,2,5.0,0,8,4,7,0,0,0,0,0,0,0,0,50,1,2,5.0,0,9,7,2,0,0,0,0,0,0,0,0
159,8,33,0,0,1,3.5,0,0,6,0,0,0,0,0,0,0,0,0,15,1,1,5.0,0,1,8,0,0,0,0,0,0,0,0,0,3,1,1,4.0,0,4,9,0,0,0,0,0,0,0,0,0,61,0,1,4.5,0,4,7,0,0,0,0,0,0,0,0,0,43,1,1,4.5,0,7,2,0,0,0,0,0,0,0,0,0
159,9,19,0,0,0,2.5,1,0,0,0,0,0,0,0,0,0,0,0,15,1,0,4.0,1,8,0,0,0,0,0,0,0,0,0,0,0,1,0,3.5,0,0,0,0,0,0,0,0,0,0,0,0,54,0,0,4.0,0,7,0,0,0,0,0,0,0,0,0,0,41,1,0,4.0,0,2,0,0,0,0,0,0,0,0,0,0
160,0,82,10,0,9,9.0,1,0,9,2,9,7,1,10,1,8,5,0,43,0,9,9.5,0,7,7,10,1,1,1,8,6,9,2,0,40,0,9,9.5,0,10,1,7,3,9,4,7,3,2,1,0,95,0,9,9.5,0,5,10,4,5,1,7,5,3,2,3,0,100,0,9,9.0,1,0,1,2,9,7,9,5,8,6,6,0
160,1,72,10,0,8,8.0,1,0,2,9,7,1,10,1,8,5,0,0,36,0,8,9.0,0,7,10,1,1,1,8,6,9,2,0,0,39,0,8,9.0,0,1,7,3,9,4,7,3,2,1,0,0,85,0,8,9.0,0,10,4,5,1,7,5,3,2,3,0,0,100,0,8,8.0,1,0,2,9,7,9,5,8,6,6,0,0
160,2,70,10,0,7,7.0,1,0,9,7,1,10,1,8,5,0,0,0,26,0,7,8.5,0,10,1,1,1,8,6,9,2,0,0,0,32,0,7,8.5,0,7,3,9,4,7,3,2,1,0,0,0,81,0,7,8.5,0,4,5,1,7,5,3,2,3,0,0,0,98,0,7,7.5,0,2,9,7,9,5,8,6,6,0,0,0
160,3,57,10,0,6,6.0,1,0,7,1,10,1,8,5,0,0,0,0,26,0,6,7.5,1,0,1,1,8,6,9,2,0,0,0,0,32,0,6,7.5,1,0,9,4,7,3,2,1,0,0,0,0,76,0,6,8.0,0,5,1,7,5,3,2,3,0,0,0,0,89,0,6,7.0,0,9,7,9,5,8,6,6,0,0,0,0
160,4,39,10,0,5,5.0,1,0,1,10,1,8,5,0,0,0,0,0,26,0,5,6.5,1,0,1,8,6,9,2,0,0,0,0,0,32,0,5,6.5,1,0,4,7,3,2,1,0,0,0,0,0,76,0,5,7.0,1,0,7,5,3,2,3,0,0,0,0,0,82,0,5,6.5,0,7,9,5,8,6,6,0,0,0,0,0
160,5,37,10,0,4,4.0,1,0,10,1,8,5,0,0,0,0,0,0,26,0,4,5.5,1,0,8,6,9,2,0,0,0,0,0,0,28,0,4,6.0,0,4,7,3,2,1,0,0,0,0,0,0,69,0,4,6.5,0,7,5,3,2,3,0,0,0,0,0,0,73,0,4,6.0,0,9,5,8,6,6,0,0,0,0,0,0
160,6,27,10,0,3,3.0,1,0,1,8,5,0,0,0,0,0,0,0,18,0,3,5.0,0,8,6,9,2,0,0,0,0,0,0,0,21,0,3,5.5,0,7,3,2,1,0,0,0,0,0,0,0,64,0,3,6.0,0,5,3,2,3,0,0,0,0,0,0,0,68,0,3,5.5,0,5,8,6,6,0,0,0,0,0,0,0
160,7,26,10,0,2,2.0,1,0,8,5,0,0,0,0,0,0,0,0,12,0,2,4.5,0,6,9,2,0,0,0,0,0,0,0,0,18,0,2,5.0,0,3,2,1,0,0,0,0,0,0,0,0,61,0,2,5.5,0,3,2,3,0,0,0,0,0,0,0,0,60,0,2,5.0,0,8,6,6,0,0,0,0,0,0,0,0
160,8,16,10,0,1,1.0,1,0,5,0,0,0,0,0,0,0,0,0,3,0,1,4.0,0,9,2,0,0,0,0,0,0,0,0,0,18,0,1,4.0,1,0,1,0,0,0,0,0,0,0,0,0,59,0,1,5.0,0,2,3,0,0,0,0,0,0,0,0,0,54,1,1,4.5,0,6,6,0,0,0,0,0,0,0,0,0
160,9,9,10,0,0,0.0,1,0,0,0,0,0,0,0,0,0,0,0,3,0,0,3.0,1,0,0,0,0,0,0,0,0,0,0,0,17,1,0,3.5,0,1,0,0,0,0,0,0,0,0,0,0,56,0,0,4.5,0,3,0,0,0,0,0,0,0,0,0,0,48,1,0,4.0,0,6,0,0,0,0,0,0,0,0,0,0
161,0,88,10,1,9,9.0,1,10,2,6,4,9,2,10,1,6,2,0,44,1,9,9.5,0,6,6,5,8,2,6,5,2,5,7,0,50,0,9,9.0,1,0,9,10,8,8,1,9,4,7,10,0,93,0,9,9.5,0,7,6,2,1,10,7,8,1,8,7,0,94,1,9,9.5,0,6,3,9,2,4,8,7,3,2,3,0
161,1,86,10,1,8,8.0,1,2,6,4,9,2,10,1,6,2,0,0,38,1,8,9.0,0,6,5,8,2,6,5,2,5,7,0,0,41,1,8,8.5,0,9,10,8,8,1,9,4,7,10,0,0,87,1,8,9.0,0,6,2,1,10,7,8,1,8,7,0,0,91,1,8,9.0,0,3,9,2,4,8,7,3,2,3,0,0
161,2,80,10,1,7,7.0,1,6,4,9,2,10,1,6,2,0,0,0,33,1,7,8.5,0,5,8,2,6,5,2,5,7,0,0,0,31,1,7,8.0,0,10,8,8,1,9,4,7,10,0,0,0,85,0,7,8.5,0,2,1,10,7,8,1,8,7,0,0,0,82,1,7,8.5,0,9,2,4,8,7,3,2,3,0,0,0
161,3,66,10,1,6,6.0,1,4,9,2,10,1,6,2,0,0,0,0,33,1,6,7.5,1,8,2,6,5,2,5,7,0,0,0,0,23,1,6,7.5,0,8,8,1,9,4,7,10,0,0,0,0,84,1,6,8.0,0,1,10,7,8,1,8,7,0,0,0,0,82,0,6,7.5,1,2,4,8,7,3,2,3,0,0,0,0
161,4,57,10,1,5,5.0,1,9,2,10,1,6,2,0,0,0,0,0,31,1,5,7.0,0,2,6,5,2,5,7,0,0,0,0,0,15,1,5,7.0,0,8,1,9,4,7,10,0,0,0,0,0,74,1,5,7.5,0,10,7,8,1,8,7,0,0,0,0,0,78,0,5,7.0,0,4,8,7,3,2,3,0,0,0,0,0
161,5,40,10,1,4,4.0,1,2,10,1,6,2,0,0,0,0,0,0,31,1,4,6.0,1,6,5,2,5,7,0,0,0,0,0,0,15,1,4,6.0,1,1,9,4,7,10,0,0,0,0,0,0,67,1,4,7.0,0,7,8,1,8,7,0,0,0,0,0,0,78,0,4,6.0,1,0,7,3,2,3,0,0,0,0,0,0
161,6,40,0,1,3,3.5,0,10,1,6,2,0,0,0,0,0,0,0,26,1,3,5.5,0,5,2,5,7,0,0,0,0,0,0,0,6,1,3,5.5,0,9,4,7,10,0,0,0,0,0,0,0,59,0,3,6.5,0,8,1,8,7,0,0,0,0,0,0,0,71,0,3,5.5,0,7,3,2,3,0,0,0,0,0,0,0
161,7,35,0,1,2,2.5,1,0,6,2,0,0,0,0,0,0,0,0,24,1,2,5.0,0,2,5,7,0,0,0,0,0,0,0,0,6,1,2,4.5,1,4,7,10,0,0,0,0,0,0,0,0,58,0,2,6.0,0,1,8,7,0,0,0,0,0,0,0,0,68,0,2,5.0,0,3,2,3,0,0,0,0,0,0,0,0
161,8,24,0,1,1,1.5,1,0,2,0,0,0,0,0,0,0,0,0,24,1,1,4.0,1,5,7,0,0,0,0,0,0,0,0,0,0,1,1,4.0,0,0,10,0,0,0,0,0,0,0,0,0,50,0,1,5.5,0,8,7,0,0,0,0,0,0,0,0,0,66,1,1,4.5,0,2,3,0,0,0,0,0,0,0,0,0
161,9,5,0,1,0,0.5,1,0,0,0,0,0,0,0,0,0,0,0,17,1,0,3.5,0,7,0,0,0,0,0,0,0,0,0,0,0,1,0,3.0,1,0,0,0,0,0,0,0,0,0,0,0,50,0,0,4.5,1,0,0,0,0,0,0,0,0,0,0,0,63,1,0,4.0,0,3,0,0,0,0,0,0,0,0,0,0
162,0,86,10,0,9,9.0,1,0,4,9,3,8,2,3,9,4,5,0,42,0,9,9.5,0,8,1,8,10,2,3,4,9,10,7,0,50,0,9,9.0,1,0,5,1,5,10,6,10,5,4,3,0,92,1,9,9.5,0,8,4,6,5,4,6,5,2,3,6,0,96,0,9,9.5,0,4,1,1,3,1,10,10,2,8,6,0
162,1,77,10,0,8,8.0,1,0,9,3,8,2,3,9,4,5,0,0,42,0,8,8.5,1,0,8,10,2,3,4,9,10,7,0,0,45,0,8,8.5,0,5,1,5,10,6,10,5,4,3,0,0,92,0,8,8.5,1,4,6,5,4,6,5,2,3,6,0,0,95,1,8,9.0,0,1,1,3,1,10,10,2,8,6,0,0
162,2,68,10,0,7,7.0,1,0,3,8,2,3,9,4,5,0,0,0,34,1,7,8.0,0,8,10,2,3,4,9,10,7,0,0,0,44,1,7,8.0,0,1,5,10,6,10,5,4,3,0,0,0,86,0,7,8.0,0,6,5,4,6,5,2,3,6,0,0,0,94,1,7,8.5,0,1,3,1,10,10,2,8,6,0,0,0
162,3,65,10,0,6,6.0,1,0,8,2,3,9,4,5,0,0,0,0,24,1,6,7.5,0,10,2,3,4,9,10,7,0,0,0,0,39,1,6,7.5,0,5,10,6,10,5,4,3,0,0,0,0,81,1,6,7.5,0,5,4,6,5,2,3,6,0,0,0,0,91,1,6,8.0,0,3,1,10,10,2,8,6,0,0,0,0
162,4,64,2,0,5,5.5,0,8,2,3,9,4,5,0,0,0,0,0,22,1,5,7.0,0,2,3,4,9,10,7,0,0,0,0,0,29,1,5,7.0,0,10,6,10,5,4,3,0,0,0,0,0,77,1,5,7.0,0,4,6,5,2,3,6,0,0,0,0,0,91,1,5,7.0,1,1,10,10,2,8,6,0,0,0,0,0
162,5,56,2,0,4,4.5,1,0,3,9,4,5,0,0,0,0,0,0,19,1,4,6.5,0,3,4,9,10,7,0,0,0,0,0,0,23,1,4,6.5,0,6,10,5,4,3,0,0,0,0,0,0,77,1,4,6.0,1,6,5,2,3,6,0,0,0,0,0,0,81,1,4,6.5,0,10,10,2,8,6,0,0,0,0,0,0
162,6,43,2,0,3,3.5,1,0,9,4,5,0,0,0,0,0,0,0,15,0,3,6.0,0,4,9,10,7,0,0,0,0,0,0,0,23,1,3,5.5,1,10,5,4,3,0,0,0,0,0,0,0,72,1,3,5.5,0,5,2,3,6,0,0,0,0,0,0,0,71,1,3,6.0,0,10,2,8,6,0,0,0,0,0,0,0
162,7,25,2,0,2,2.5,1,0,4,5,0,0,0,0,0,0,0,0,15,0,2,5.0,1,0,10,7,0,0,0,0,0,0,0,0,18,1,2,5.0,0,5,4,3,0,0,0,0,0,0,0,0,70,1,2,5.0,0,2,3,6,0,0,0,0,0,0,0,0,69,1,2,5.5,0,2,8,6,0,0,0,0,0,0,0,0
162,8,3,2,0,1,1.5,1,0,5,0,0,0,0,0,0,0,0,0,15,0,1,4.0,1,0,7,0,0,0,0,0,0,0,0,0,14,1,1,4.5,0,4,3,0,0,0,0,0,0,0,0,0,67,1,1,4.5,0,3,6,0,0,0,0,0,0,0,0,0,69,1,1,4.5,1,8,6,0,0,0,0,0,0,0,0,0
162,9,0,2,0,0,0.5,1,0,0,0,0,0,0,0,0,0,0,0,8,0,0,3.5,0,7,0,0,0,0,0,0,0,0,0,0,11,1,0,4.0,0,3,0,0,0,0,0,0,0,0,0,0,61,1,0,4.0,0,6,0,0,0,0,0,0,0,0,0,0,63,1,0,4.0,0,6,0,0,0,0,0,0,0,0,0,0
163,0,97,4,1,9,9.5,0,6,2,8,1,2,6,5,1,10,7,0,46,0,9,9.5,0,4,2,7,5,10,5,6,7,1,8,0,48,0,9,9.5,0,2,5,7,5,8,2,2,4,6,10,0,99,0,9,9.5,0,1,8,1,4,6,2,3,10,3,8,0,100,0,9,9.0,1,3,9,2,9,7,7,10,2,1,4,0
163,1,95,4,1,8,8.5,1,2,8,1,2,6,5,1,10,7,0,0,44,0,8,9.0,0,2,7,5,10,5,6,7,1,8,0,0,43,0,8,9.0,0,5,7,5,8,2,2,4,6,10,0,0,91,0,8,9.0,0,8,1,4,6,2,3,10,3,8,0,0,91,0,8,8.5,0,9,2,9,7,7,10,2,1,4,0,0
163,2,85,4,1,7,7.5,1,0,1,2,6,5,1,10,7,0,0,0,37,0,7,8.5,0,7,5,10,5,6,7,1,8,0,0,0,36,1,7,8.5,0,7,5,8,2,2,4,6,10,0,0,0,90,1,7,8.5,0,1,4,6,2,3,10,3,8,0,0,0,91,1,7,7.5,1,0,9,7,7,10,2,1,4,0,0,0
163,3,74,4,1,6,6.5,1,1,2,6,5,1,10,7,0,0,0,0,37,0,6,7.5,1,0,10,5,6,7,1,8,0,0,0,0,36,1,6,7.5,1,5,8,2,2,4,6,10,0,0,0,0,86,1,6,8.0,0,4,6,2,3,10,3,8,0,0,0,0,82,1,6,7.0,0,9,7,7,10,2,1,4,0,0,0,0
163,4,66,2,1,5,6.0,0,2,6,5,1,10,7,0,0,0,0,0,27,0,5,7.0,0,10,5,6,7,1,8,0,0,0,0,0,36,1,5,6.5,1,8,2,2,4,6,10,0,0,0,0,0,80,1,5,7.5,0,6,2,3,10,3,8,0,0,0,0,0,75,1,5,6.5,0,7,7,10,2,1,4,0,0,0,0,0
163,5,53,2,1,4,5.0,1,0,5,1,10,7,0,0,0,0,0,0,27,0,4,6.0,1,0,6,7,1,8,0,0,0,0,0,0,34,1,4,6.0,0,2,2,4,6,10,0,0,0,0,0,0,80,1,4,6.5,1,2,3,10,3,8,0,0,0,0,0,0,68,1,4,6.0,0,7,10,2,1,4,0,0,0,0,0,0
163,6,46,2,1,3,4.0,1,0,1,10,7,0,0,0,0,0,0,0,21,0,3,5.5,0,6,7,1,8,0,0,0,0,0,0,0,34,0,3,5.0,1,2,4,6,10,0,0,0,0,0,0,0,77,1,3,6.0,0,3,10,3,8,0,0,0,0,0,0,0,58,1,3,5.5,0,10,2,1,4,0,0,0,0,0,0,0
163,7,33,2,1,2,3.0,1,1,10,7,0,0,0,0,0,0,0,0,14,0,2,5.0,0,7,1,8,0,0,0,0,0,0,0,0,30,1,2,4.5,0,4,6,10,0,0,0,0,0,0,0,0,77,0,2,5.0,1,10,3,8,0,0,0,0,0,0,0,0,58,1,2,4.5,1,2,1,4,0,0,0,0,0,0,0,0
163,8,27,0,0,1,2.5,0,0,7,0,0,0,0,0,0,0,0,0,13,0,1,4.5,0,1,8,0,0,0,0,0,0,0,0,0,30,1,1,3.5,1,6,10,0,0,0,0,0,0,0,0,0,74,0,1,4.5,0,3,8,0,0,0,0,0,0,0,0,0,57,1,1,4.0,0,1,4,0,0,0,0,0,0,0,0,0
163,9,0,0,1,0,1.5,1,0,0,0,0,0,0,0,0,0,0,0,13,0,0,3.5,1,0,0,0,0,0,0,0,0,0,0,0,20,1,0,3.0,0,10,0,0,0,0,0,0,0,0,0,0,74,0,0,3.5,1,0,0,0,0,0,0,0,0,0,0,0,57,1,0,3.0,1,4,0,0,0,0,0,0,0,0,0,0
164,0,86,10,1,9,9.0,1,5,9,4,3,5,6,9,2,2,2,0,48,1,9,9.5,0,2,7,1,9,2,2,3,1,6,6,0,50,0,9,9.0,1,0,10,6,2,2,4,9,1,1,5,0,95,0,9,9.5,0,5,9,10,4,10,10,1,8,6,8,0,97,0,9,9.5,0,3,9,9,8,3,9,6,2,9,7,0
164,1,77,10,1,8,8.0,1,9,4,3,5,6,9,2,2,2,0,0,41,1,8,9.0,0,7,1,9,2,2,3,1,6,6,0,0,40,0,8,8.5,0,10,6,2,2,4,9,1,1,5,0,0,86,0,8,9.0,0,9,10,4,10,10,1,8,6,8,0,0,88,0,8,9.0,0,9,9,8,3,9,6,2,9,7,0,0
164,2,73,10,1,7,7.0,1,4,3,5,6,9,2,2,2,0,0,0,40,1,7,8.5,0,1,9,2,2,3,1,6,6,0,0,0,34,0,7,8.0,0,6,2,2,4,9,1,1,5,0,0,0,76,0,7,8.5,0,10,4,10,10,1,8,6,8,0,0,0,79,0,7,8.5,0,9,8,3,9,6,2,9,7,0,0,0
164,3,61,10,1,6,6.0,1,3,5,6,9,2,2,2,0,0,0,0,40,1,6,7.5,1,9,2,2,3,1,6,6,0,0,0,0,32,0,6,7.5,0,2,2,4,9,1,1,5,0,0,0,0,72,0,6,8.0,0,4,10,10,1,8,6,8,0,0,0,0,71,0,6,8.0,0,8,3,9,6,2,9,7,0,0,0,0
164,4,53,10,1,5,5.0,1,5,6,9,2,2,2,0,0,0,0,0,38,1,5,7.0,0,2,2,3,1,6,6,0,0,0,0,0,30,0,5,7.0,0,2,4,9,1,1,5,0,0,0,0,0,62,0,5,7.5,0,10,10,1,8,6,8,0,0,0,0,0,71,0,5,7.0,1,0,9,6,2,9,7,0,0,0,0,0
164,5,47,10,1,4,4.0,1,6,9,2,2,2,0,0,0,0,0,0,36,1,4,6.5,0,2,3,1,6,6,0,0,0,0,0,0,26,0,4,6.5,0,4,9,1,1,5,0,0,0,0,0,0,52,0,4,7.0,0,10,1,8,6,8,0,0,0,0,0,0,62,0,4,6.5,0,9,6,2,9,7,0,0,0,0,0,0
164,6,31,10,1,3,3.0,1,9,2,2,2,0,0,0,0,0,0,0,33,1,3,6.0,0,3,1,6,6,0,0,0,0,0,0,0,17,0,3,6.0,0,9,1,1,5,0,0,0,0,0,0,0,52,0,3,6.0,1,0,8,6,8,0,0,0,0,0,0,0,62,1,3,5.5,1,0,2,9,7,0,0,0,0,0,0,0
164,7,27,10,1,2,2.0,1,2,2,2,0,0,0,0,0,0,0,0,32,0,2,5.5,0,1,6,6,0,0,0,0,0,0,0,0,16,0,2,5.5,0,1,1,5,0,0,0,0,0,0,0,0,44,0,2,5.5,0,8,6,8,0,0,0,0,0,0,0,0,62,1,2,4.5,1,2,9,7,0,0,0,0,0,0,0,0
164,8,27,8,1,1,1.5,0,2,2,0,0,0,0,0,0,0,0,0,26,0,1,5.0,0,6,6,0,0,0,0,0,0,0,0,0,15,0,1,5.0,0,1,5,0,0,0,0,0,0,0,0,0,38,0,1,5.0,0,6,8,0,0,0,0,0,0,0,0,0,53,1,1,4.0,0,9,7,0,0,0,0,0,0,0,0,0
164,9,20,6,1,0,1.0,0,2,0,0,0,0,0,0,0,0,0,0,20,0,0,4.5,0,6,0,0,0,0,0,0,0,0,0,0,10,0,0,4.5,0,5,0,0,0,0,0,0,0,0,0,0,30,0,0,4.5,0,8,0,0,0,0,0,0,0,0,0,0,53,0,0,3.0,1,7,0,0,0,0,0,0,0,0,0,0
165,0,93,10,1,9,9.0,1,7,4,9,6,7,6,8,7,3,9,0,43,0,9,9.5,0,7,5,1,7,3,1,2,7,3,2,0,43,1,9,9.5,0,7,6,2,4,6,6,6,10,6,6,0,93,1,9,9.5,0,7,8,3,2,1,3,7,7,5,4,0,98,1,9,9.5,0,2,3,6,1,9,10,9,2,6,3,0
165,1,70,10,1,8,8.0,1,4,9,6,7,6,8,7,3,9,0,0,43,0,8,8.5,1,0,1,7,3,1,2,7,3,2,0,0,43,1,8,8.5,1,6,2,4,6,6,6,10,6,6,0,0,93,1,8,8.5,1,8,3,2,1,3,7,7,5,4,0,0,95,1,8,9.0,0,3,6,1,9,10,9,2,6,3,0,0
165,2,58,10,1,7,7.0,1,9,6,7,6,8,7,3,9,0,0,0,42,0,7,8.0,0,1,7,3,1,2,7,3,2,0,0,0,41,1,7,8.0,0,2,4,6,6,6,10,6,6,0,0,0,93,1,7,7.5,1,3,2,1,3,7,7,5,4,0,0,0,89,1,7,8.5,0,6,1,9,10,9,2,6,3,0,0,0
165,3,47,10,1,6,6.0,1,6,7,6,8,7,3,9,0,0,0,0,35,1,6,7.5,0,7,3,1,2,7,3,2,0,0,0,0,41,1,6,7.0,1,4,6,6,6,10,6,6,0,0,0,0,91,1,6,7.0,0,2,1,3,7,7,5,4,0,0,0,0,89,0,6,7.5,1,1,9,10,9,2,6,3,0,0,0,0
165,4,37,10,1,5,5.0,1,7,6,8,7,3,9,0,0,0,0,0,35,0,5,6.5,1,3,1,2,7,3,2,0,0,0,0,0,35,1,5,6.5,0,6,6,6,10,6,6,0,0,0,0,0,90,1,5,6.5,0,1,3,7,7,5,4,0,0,0,0,0,80,0,5,7.0,0,9,10,9,2,6,3,0,0,0,0,0
165,5,28,10,1,4,4.0,1,6,8,7,3,9,0,0,0,0,0,0,34,0,4,6.0,0,1,2,7,3,2,0,0,0,0,0,0,29,0,4,6.0,0,6,6,10,6,6,0,0,0,0,0,0,90,1,4,5.5,1,3,7,7,5,4,0,0,0,0,0,0,70,1,4,6.5,0,10,9,2,6,3,0,0,0,0,0,0
165,6,20,10,1,3,3.0,1,8,7,3,9,0,0,0,0,0,0,0,32,0,3,5.5,0,2,7,3,2,0,0,0,0,0,0,0,23,0,3,5.5,0,6,10,6,6,0,0,0,0,0,0,0,83,1,3,5.0,0,7,7,5,4,0,0,0,0,0,0,0,61,1,3,6.0,0,9,2,6,3,0,0,0,0,0,0,0
165,7,13,10,1,2,2.0,1,7,3,9,0,0,0,0,0,0,0,0,25,0,2,5.0,0,7,3,2,0,0,0,0,0,0,0,0,13,0,2,5.0,0,10,6,6,0,0,0,0,0,0,0,0,76,1,2,4.5,0,7,5,4,0,0,0,0,0,0,0,0,59,0,2,5.5,0,2,6,3,0,0,0,0,0,0,0,0
165,8,10,10,1,1,1.0,1,3,9,0,0,0,0,0,0,0,0,0,22,0,1,4.5,0,3,2,0,0,0,0,0,0,0,0,0,7,0,1,4.5,0,6,6,0,0,0,0,0,0,0,0,0,71,1,1,4.0,0,5,4,0,0,0,0,0,0,0,0,0,53,1,1,5.0,0,6,3,0,0,0,0,0,0,0,0,0
165,9,0,10,1,0,0.0,1,9,0,0,0,0,0,0,0,0,0,0,22,0,0,3.5,1,0,0,0,0,0,0,0,0,0,0,0,7,0,0,3.5,1,0,0,0,0,0,0,0,0,0,0,0,67,1,0,3.5,0,4,0,0,0,0,0,0,0,0,0,0,50,1,0,4.5,0,3,0,0,0,0,0,0,0,0,0,0
166,0,92,10,1,9,9.0,1,8,7,4,6,1,3,1,8,3,9,0,40,0,9,9.5,0,10,10,7,9,4,3,5,6,9,7,0,42,0,9,9.5,0,8,5,3,1,3,6,6,5,7,2,0,93,0,9,9.5,0,7,1,5,8,10,4,9,9,8,9,0,94,0,9,9.5,0,6,8,3,2,1,9,4,4,1,5,0
166,1,85,10,1,8,8.0,1,7,4,6,1,3,1,8,3,9,0,0,30,0,8,9.0,0,10,7,9,4,3,5,6,9,7,0,0,37,1,8,9.0,0,5,3,1,3,6,6,5,7,2,0,0,92,1,8,9.0,0,1,5,8,10,4,9,9,8,9,0,0,86,1,8,9.0,0,8,3,2,1,9,4,4,1,5,0,0
166,2,74,6,1,7,7.5,0,4,6,1,3,1,8,3,9,0,0,0,23,0,7,8.5,0,7,9,4,3,5,6,9,7,0,0,0,37,1,7,8.0,1,3,1,3,6,6,5,7,2,0,0,0,92,1,7,8.0,1,5,8,10,4,9,9,8,9,0,0,0,86,0,7,8.0,1,3,2,1,9,4,4,1,5,0,0,0
166,3,73,0,1,6,7.0,0,6,1,3,1,8,3,9,0,0,0,0,14,0,6,8.0,0,9,4,3,5,6,9,7,0,0,0,0,37,0,6,7.0,1,1,3,6,6,5,7,2,0,0,0,0,84,1,6,7.5,0,8,10,4,9,9,8,9,0,0,0,0,84,0,6,7.5,0,2,1,9,4,4,1,5,0,0,0,0
166,4,72,0,0,5,6.0,1,0,3,1,8,3,9,0,0,0,0,0,10,0,5,7.5,0,4,3,5,6,9,7,0,0,0,0,0,34,1,5,6.5,0,3,6,6,5,7,2,0,0,0,0,0,74,1,5,7.0,0,10,4,9,9,8,9,0,0,0,0,0,83,1,5,7.0,0,1,9,4,4,1,5,0,0,0,0,0
166,5,69,0,0,4,5.0,1,0,1,8,3,9,0,0,0,0,0,0,7,0,4,7.0,0,3,5,6,9,7,0,0,0,0,0,0,28,1,4,6.0,0,6,6,5,7,2,0,0,0,0,0,0,70,1,4,6.5,0,4,9,9,8,9,0,0,0,0,0,0,74,1,4,6.5,0,9,4,4,1,5,0,0,0,0,0,0
166,6,55,0,0,3,4.0,1,0,8,3,9,0,0,0,0,0,0,0,2,0,3,6.5,0,5,6,9,7,0,0,0,0,0,0,0,22,1,3,5.5,0,6,5,7,2,0,0,0,0,0,0,0,70,0,3,5.5,1,9,9,8,9,0,0,0,0,0,0,0,74,1,3,5.5,1,4,4,1,5,0,0,0,0,0,0,0
166,7,32,0,0,2,3.0,1,0,3,9,0,0,0,0,0,0,0,0,2,0,2,5.5,1,0,9,7,0,0,0,0,0,0,0,0,22,1,2,4.5,1,5,7,2,0,0,0,0,0,0,0,0,61,0,2,5.0,0,9,8,9,0,0,0,0,0,0,0,0,74,1,2,4.5,1,4,1,5,0,0,0,0,0,0,0,0
166,8,23,0,0,1,2.5,0,0,9,0,0,0,0,0,0,0,0,0,2,0,1,4.5,1,0,7,0,0,0,0,0,0,0,0,0,15,1,1,4.0,0,7,2,0,0,0,0,0,0,0,0,0,53,0,1,4.5,0,8,9,0,0,0,0,0,0,0,0,0,73,0,1,4.0,0,1,5,0,0,0,0,0,0,0,0,0
166,9,14,0,0,0,1.5,1,0,0,0,0,0,0,0,0,0,0,0,0,0,0,4.0,0,0,0,0,0,0,0,0,0,0,0,0,13,1,0,3.5,0,2,0,0,0,0,0,0,0,0,0,0,44,0,0,4.0,0,9,0,0,0,0,0,0,0,0,0,0,68,1,0,3.5,0,5,0,0,0,0,0,0,0,0,0,0
167,0,90,10,0,9,9.0,1,0,4,8,9,10,6,10,4,7,1,0,44,1,9,9.5,0,6,6,5,2,4,7,5,2,5,1,0,41,1,9,9.5,0,9,5,5,4,4,3,2,5,2,1,0,96,1,9,9.5,0,4,2,2,2,5,2,6,2,5,10,0,100,0,9,9.0,1,0,6,8,8,4,9,5,5,2,10,0
167,1,81,10,0,8,8.0,1,0,8,9,10,6,10,4,7,1,0,0,38,1,8,9.0,0,6,5,2,4,7,5,2,5,1,0,0,41,1,8,8.5,1,5,5,4,4,3,2,5,2,1,0,0,94,1,8,9.0,0,2,2,2,5,2,6,2,5,10,0,0,94,0,8,8.5,0,6,8,8,4,9,5,5,2,10,0,0
167,2,71,10,1,7,7.0,1,0,9,10,6,10,4,7,1,0,0,0,33,1,7,8.5,0,5,2,4,7,5,2,5,1,0,0,0,36,1,7,8.0,0,5,4,4,3,2,5,2,1,0,0,0,94,1,7,8.0,1,2,2,5,2,6,2,5,10,0,0,0,86,0,7,8.0,0,8,8,4,9,5,5,2,10,0,0,0
167,3,62,10,1,6,6.0,1,9,10,6,10,4,7,1,0,0,0,0,31,1,6,8.0,0,2,4,7,5,2,5,1,0,0,0,0,32,1,6,7.5,0,4,4,3,2,5,2,1,0,0,0,0,92,0,6,7.5,0,2,5,2,6,2,5,10,0,0,0,0,78,0,6,7.5,0,8,4,9,5,5,2,10,0,0,0,0
167,4,48,10,1,5,5.0,1,10,6,10,4,7,1,0,0,0,0,0,31,1,5,7.0,1,4,7,5,2,5,1,0,0,0,0,0,28,1,5,7.0,0,4,3,2,5,2,1,0,0,0,0,0,87,0,5,7.0,0,5,2,6,2,5,10,0,0,0,0,0,74,0,5,7.0,0,4,9,5,5,2,10,0,0,0,0,0
167,5,48,4,1,4,4.5,0,6,10,4,7,1,0,0,0,0,0,0,24,1,4,6.5,0,7,5,2,5,1,0,0,0,0,0,0,25,0,4,6.5,0,3,2,5,2,1,0,0,0,0,0,0,85,0,4,6.5,0,2,6,2,5,10,0,0,0,0,0,0,65,0,4,6.5,0,9,5,5,2,10,0,0,0,0,0,0
167,6,36,4,1,3,3.5,1,0,4,7,1,0,0,0,0,0,0,0,19,0,3,6.0,0,5,2,5,1,0,0,0,0,0,0,0,25,0,3,5.5,1,0,5,2,1,0,0,0,0,0,0,0,79,0,3,6.0,0,6,2,5,10,0,0,0,0,0,0,0,60,0,3,6.0,0,5,5,2,10,0,0,0,0,0,0,0
167,7,31,0,1,2,3.0,0,4,7,1,0,0,0,0,0,0,0,0,17,0,2,5.5,0,2,5,1,0,0,0,0,0,0,0,0,25,1,2,4.5,1,0,2,1,0,0,0,0,0,0,0,0,77,0,2,5.5,0,2,5,10,0,0,0,0,0,0,0,0,55,0,2,5.5,0,5,2,10,0,0,0,0,0,0,0,0
167,8,24,0,1,1,2.0,1,0,1,0,0,0,0,0,0,0,0,0,12,0,1,5.0,0,5,1,0,0,0,0,0,0,0,0,0,23,1,1,4.0,0,2,1,0,0,0,0,0,0,0,0,0,72,0,1,5.0,0,5,10,0,0,0,0,0,0,0,0,0,53,0,1,5.0,0,2,10,0,0,0,0,0,0,0,0,0
167,9,12,0,1,0,1.0,1,0,0,0,0,0,0,0,0,0,0,0,12,0,0,4.0,1,0,0,0,0,0,0,0,0,0,0,0,22,1,0,3.5,0,1,0,0,0,0,0,0,0,0,0,0,62,0,0,4.5,0,10,0,0,0,0,0,0,0,0,0,0,53,0,0,4.0,1,0,0,0,0,0,0,0,0,0,0,0
168,0,98,10,1,9,9.0,1,2,5,9,3,8,10,6,4,6,7,0,40,1,9,9.5,0,10,5,2,5,7,6,2,8,7,8,0,40,1,9,9.5,0,10,2,7,10,9,1,5,4,8,5,0,95,0,9,9.5,0,5,4,5,8,1,8,2,10,9,4,0,98,0,9,9.5,0,2,5,6,1,8,7,1,2,7,3,0
168,1,93,10,1,8,8.0,1,5,9,3,8,10,6,4,6,7,0,0,35,1,8,9.0,0,5,2,5,7,6,2,8,7,8,0,0,38,1,8,9.0,0,2,7,10,9,1,5,4,8,5,0,0,91,0,8,9.0,0,4,5,8,1,8,2,10,9,4,0,0,93,0,8,9.0,0,5,6,1,8,7,1,2,7,3,0,0
168,2,86,1,1,7,7.5,0,9,3,8,10,6,4,6,7,0,0,0,33,1,7,8.5,0,2,5,7,6,2,8,7,8,0,0,0,38,1,7,8.0,1,7,10,9,1,5,4,8,5,0,0,0,86,0,7,8.5,0,5,8,1,8,2,10,9,4,0,0,0,87,0,7,8.5,0,6,1,8,7,1,2,7,3,0,0,0
168,3,85,0,1,6,7.0,0,0,8,10,6,4,6,7,0,0,0,0,28,1,6,8.0,0,5,7,6,2,8,7,8,0,0,0,0,28,1,6,7.5,0,10,9,1,5,4,8,5,0,0,0,0,78,0,6,8.0,0,8,1,8,2,10,9,4,0,0,0,0,87,1,6,7.5,1,0,8,7,1,2,7,3,0,0,0,0
168,4,77,0,1,5,6.0,1,0,10,6,4,6,7,0,0,0,0,0,21,1,5,7.5,0,7,6,2,8,7,8,0,0,0,0,0,19,1,5,7.0,0,9,1,5,4,8,5,0,0,0,0,0,77,0,5,7.5,0,1,8,2,10,9,4,0,0,0,0,0,79,1,5,7.0,0,8,7,1,2,7,3,0,0,0,0,0
168,5,67,0,0,4,5.0,1,0,6,4,6,7,0,0,0,0,0,0,15,1,4,7.0,0,6,2,8,7,8,0,0,0,0,0,0,18,1,4,6.5,0,1,5,4,8,5,0,0,0,0,0,0,69,0,4,7.0,0,8,2,10,9,4,0,0,0,0,0,0,72,1,4,6.5,0,7,1,2,7,3,0,0,0,0,0,0
168,6,54,0,0,3,4.0,1,0,4,6,7,0,0,0,0,0,0,0,13,1,3,6.5,0,2,8,7,8,0,0,0,0,0,0,0,18,1,3,5.5,1,5,4,8,5,0,0,0,0,0,0,0,69,0,3,6.0,1,0,10,9,4,0,0,0,0,0,0,0,71,0,3,6.0,0,1,2,7,3,0,0,0,0,0,0,0
168,7,54,0,0,2,3.5,0,0,6,7,0,0,0,0,0,0,0,0,5,1,2,6.0,0,8,7,8,0,0,0,0,0,0,0,0,14,0,2,5.0,0,4,8,5,0,0,0,0,0,0,0,0,59,0,2,5.5,0,10,9,4,0,0,0,0,0,0,0,0,69,0,2,5.5,0,2,7,3,0,0,0,0,0,0,0,0
168,8,47,0,0,1,3.0,0,0,7,0,0,0,0,0,0,0,0,0,5,1,1,5.0,1,0,8,0,0,0,0,0,0,0,0,0,6,0,1,4.5,0,8,5,0,0,0,0,0,0,0,0,0,50,0,1,5.0,0,9,4,0,0,0,0,0,0,0,0,0,62,0,1,5.0,0,7,3,0,0,0,0,0,0,0,0,0
168,9,35,0,1,0,2.0,1,0,0,0,0,0,0,0,0,0,0,0,0,1,0,4.5,0,0,0,0,0,0,0,0,0,0,0,0,6,0,0,3.5,1,0,0,0,0,0,0,0,0,0,0,0,46,1,0,4.5,0,4,0,0,0,0,0,0,0,0,0,0,59,0,0,4.5,0,3,0,0,0,0,0,0,0,0,0,0
169,0,89,2,0,9,9.5,0,8,6,5,4,7,7,5,7,2,5,0,44,0,9,9.5,0,6,7,3,3,7,9,8,6,2,9,0,50,0,9,9.0,1,0,3,7,7,10,7,6,8,9,10,0,98,0,9,9.5,0,2,2,1,6,3,7,9,6,10,3,0,100,0,9,9.0,1,0,8,2,8,6,2,5,1,5,4,0
169,1,83,2,0,8,8.5,1,0,5,4,7,7,5,7,2,5,0,0,37,0,8,9.0,0,7,3,3,7,9,8,6,2,9,0,0,47,0,8,8.5,0,3,7,7,10,7,6,8,9,10,0,0,96,0,8,9.0,0,2,1,6,3,7,9,6,10,3,0,0,92,0,8,8.5,0,8,2,8,6,2,5,1,5,4,0,0
169,2,71,2,0,7,7.5,1,0,4,7,7,5,7,2,5,0,0,0,34,0,7,8.5,0,3,3,7,9,8,6,2,9,0,0,0,47,0,7,7.5,1,0,7,10,7,6,8,9,10,0,0,0,95,1,7,8.5,0,1,6,3,7,9,6,10,3,0,0,0,90,1,7,8.0,0,2,8,6,2,5,1,5,4,0,0,0
169,3,64,0,0,6,7.0,0,0,7,7,5,7,2,5,0,0,0,0,31,0,6,8.0,0,3,7,9,8,6,2,9,0,0,0,0,47,0,6,6.5,1,0,10,7,6,8,9,10,0,0,0,0,89,1,6,8.0,0,6,3,7,9,6,10,3,0,0,0,0,82,1,6,7.5,0,8,6,2,5,1,5,4,0,0,0,0
169,4,64,0,0,5,6.5,0,0,7,5,7,2,5,0,0,0,0,0,24,0,5,7.5,0,7,9,8,6,2,9,0,0,0,0,0,37,0,5,6.0,0,10,7,6,8,9,10,0,0,0,0,0,86,1,5,7.5,0,3,7,9,6,10,3,0,0,0,0,0,76,1,5,7.0,0,6,2,5,1,5,4,0,0,0,0,0
169,5,62,0,0,4,6.0,0,0,5,7,2,5,0,0,0,0,0,0,15,0,4,7.0,0,9,8,6,2,9,0,0,0,0,0,0,30,0,4,5.5,0,7,6,8,9,10,0,0,0,0,0,0,79,1,4,7.0,0,7,9,6,10,3,0,0,0,0,0,0,76,1,4,6.0,1,2,5,1,5,4,0,0,0,0,0,0
169,6,57,0,0,3,5.5,0,0,7,2,5,0,0,0,0,0,0,0,7,0,3,6.5,0,8,6,2,9,0,0,0,0,0,0,0,24,0,3,5.0,0,6,8,9,10,0,0,0,0,0,0,0,70,1,3,6.5,0,9,6,10,3,0,0,0,0,0,0,0,76,1,3,5.0,1,5,1,5,4,0,0,0,0,0,0,0
169,7,57,0,0,2,5.0,0,0,2,5,0,0,0,0,0,0,0,0,1,0,2,6.0,0,6,2,9,0,0,0,0,0,0,0,0,16,0,2,4.5,0,8,9,10,0,0,0,0,0,0,0,0,64,1,2,6.0,0,6,10,3,0,0,0,0,0,0,0,0,75,1,2,4.5,0,1,5,4,0,0,0,0,0,0,0,0
169,8,55,0,0,1,4.5,0,0,5,0,0,0,0,0,0,0,0,0,1,0,1,5.0,1,0,9,0,0,0,0,0,0,0,0,0,7,1,1,4.0,0,9,10,0,0,0,0,0,0,0,0,0,54,1,1,5.5,0,10,3,0,0,0,0,0,0,0,0,0,70,1,1,4.0,0,5,4,0,0,0,0,0,0,0,0,0
169,9,46,0,0,0,3.5,1,0,0,0,0,0,0,0,0,0,0,0,0,0,0,4.5,0,0,0,0,0,0,0,0,0,0,0,0,0,1,0,3.5,0,0,0,0,0,0,0,0,0,0,0,0,51,1,0,5.0,0,3,0,0,0,0,0,0,0,0,0,0,70,1,0,3.0,1,4,0,0,0,0,0,0,0,0,0,0
170,0,85,10,1,9,9.0,1,9,1,2,4,6,10,6,7,6,3,0,50,1,9,9.0,1,6,2,1,1,6,6,1,5,4,3,0,48,1,9,9.5,0,2,4,8,3,6,7,2,1,9,9,0,98,1,9,9.5,0,2,1,7,6,1,6,8,8,9,5,0,93,1,9,9.5,0,7,2,6,6,6,7,9,7,9,6,0
170,1,82,10,1,8,8.0,1,1,2,4,6,10,6,7,6,3,0,0,50,1,8,8.0,1,2,1,1,6,6,1,5,4,3,0,0,44,1,8,9.0,0,4,8,3,6,7,2,1,9,9,0,0,97,1,8,9.0,0,1,7,6,1,6,8,8,9,5,0,0,91,0,8,9.0,0,2,6,6,6,7,9,7,9,6,0,0
170,2,74,8,1,7,7.5,0,2,4,6,10,6,7,6,3,0,0,0,50,1,7,7.0,1,1,1,6,6,1,5,4,3,0,0,0,36,1,7,8.5,0,8,3,6,7,2,1,9,9,0,0,0,97,1,7,8.0,1,7,6,1,6,8,8,9,5,0,0,0,85,0,7,8.5,0,6,6,6,7,9,7,9,6,0,0,0
170,3,60,8,1,6,6.5,1,4,6,10,6,7,6,3,0,0,0,0,50,1,6,6.0,1,1,6,6,1,5,4,3,0,0,0,0,36,1,6,7.5,1,3,6,7,2,1,9,9,0,0,0,0,97,1,6,7.0,1,6,1,6,8,8,9,5,0,0,0,0,79,0,6,8.0,0,6,6,7,9,7,9,6,0,0,0,0
170,4,54,8,1,5,5.5,1,6,10,6,7,6,3,0,0,0,0,0,44,1,5,5.5,0,6,6,1,5,4,3,0,0,0,0,0,30,1,5,7.0,0,6,7,2,1,9,9,0,0,0,0,0,96,1,5,6.5,0,1,6,8,8,9,5,0,0,0,0,0,73,0,5,7.5,0,6,7,9,7,9,6,0,0,0,0,0
170,5,54,0,1,4,5.0,0,0,6,7,6,3,0,0,0,0,0,0,38,1,4,5.0,0,6,1,5,4,3,0,0,0,0,0,0,23,0,4,6.5,0,7,2,1,9,9,0,0,0,0,0,0,90,1,4,6.0,0,6,8,8,9,5,0,0,0,0,0,0,66,1,4,7.0,0,7,9,7,9,6,0,0,0,0,0,0
170,6,39,0,1,3,4.0,1,0,7,6,3,0,0,0,0,0,0,0,37,1,3,4.5,0,1,5,4,3,0,0,0,0,0,0,0,21,0,3,6.0,0,2,1,9,9,0,0,0,0,0,0,0,82,1,3,5.5,0,8,8,9,5,0,0,0,0,0,0,0,66,1,3,6.0,1,9,7,9,6,0,0,0,0,0,0,0
170,7,39,0,1,2,3.5,0,0,6,3,0,0,0,0,0,0,0,0,32,1,2,4.0,0,5,4,3,0,0,0,0,0,0,0,0,20,0,2,5.5,0,1,9,9,0,0,0,0,0,0,0,0,74,1,2,5.0,0,8,9,5,0,0,0,0,0,0,0,0,59,0,2,5.5,0,7,9,6,0,0,0,0,0,0,0,0
170,8,20,0,1,1,2.5,1,0,3,0,0,0,0,0,0,0,0,0,32,1,1,3.0,1,4,3,0,0,0,0,0,0,0,0,0,11,0,1,5.0,0,9,9,0,0,0,0,0,0,0,0,0,65,1,1,4.5,0,9,5,0,0,0,0,0,0,0,0,0,59,0,1,4.5,1,0,6,0,0,0,0,0,0,0,0,0
170,9,6,0,1,0,2.0,0,0,0,0,0,0,0,0,0,0,0,0,29,1,0,2.5,0,3,0,0,0,0,0,0,0,0,0,0,11,0,0,4.0,1,0,0,0,0,0,0,0,0,0,0,0,65,1,0,3.5,1,5,0,0,0,0,0,0,0,0,0,0,53,0,0,4.0,0,6,0,0,0,0,0,0,0,0,0,0
171,0,80,10,0,9,9.0,1,0,8,1,7,1,7,7,6,2,8,0,50,1,9,9.0,1,9,7,8,7,7,7,4,4,9,3,0,50,1,9,9.0,1,8,5,1,6,10,2,5,9,8,7,0,92,1,9,9.5,0,8,10,8,10,2,1,10,6,5,4,0,95,0,9,9.5,0,5,2,7,8,9,5,4,10,3,5,0
171,1,72,10,0,8,8.0,1,0,1,7,1,7,7,6,2,8,0,0,43,1,8,8.5,0,7,8,7,7,7,4,4,9,3,0,0,45,1,8,8.5,0,5,1,6,10,2,5,9,8,7,0,0,82,1,8,9.0,0,10,8,10,2,1,10,6,5,4,0,0,93,0,8,9.0,0,2,7,8,9,5,4,10,3,5,0,0
171,2,71,10,0,7,7.0,1,0,7,1,7,7,6,2,8,0,0,0,35,1,7,8.0,0,8,7,7,7,4,4,9,3,0,0,0,44,1,7,8.0,0,1,6,10,2,5,9,8,7,0,0,0,74,1,7,8.5,0,8,10,2,1,10,6,5,4,0,0,0,86,1,7,8.5,0,7,8,9,5,4,10,3,5,0,0,0
171,3,58,10,0,6,6.0,1,0,1,7,7,6,2,8,0,0,0,0,28,1,6,7.5,0,7,7,7,4,4,9,3,0,0,0,0,44,1,6,7.0,1,6,10,2,5,9,8,7,0,0,0,0,64,1,6,8.0,0,10,2,1,10,6,5,4,0,0,0,0,78,1,6,8.0,0,8,9,5,4,10,3,5,0,0,0,0
171,4,58,9,1,5,5.5,0,1,7,7,6,2,8,0,0,0,0,0,21,1,5,7.0,0,7,7,4,4,9,3,0,0,0,0,0,34,1,5,6.5,0,10,2,5,9,8,7,0,0,0,0,0,62,1,5,7.5,0,2,1,10,6,5,4,0,0,0,0,0,69,1,5,7.5,0,9,5,4,10,3,5,0,0,0,0,0
171,5,51,2,1,4,5.0,0,7,7,6,2,8,0,0,0,0,0,0,21,1,4,6.0,1,7,4,4,9,3,0,0,0,0,0,0,32,1,4,6.0,0,2,5,9,8,7,0,0,0,0,0,0,61,1,4,7.0,0,1,10,6,5,4,0,0,0,0,0,0,64,0,4,7.0,0,5,4,10,3,5,0,0,0,0,0,0
171,6,39,2,1,3,4.0,1,0,6,2,8,0,0,0,0,0,0,0,17,1,3,5.5,0,4,4,9,3,0,0,0,0,0,0,0,32,1,3,5.0,1,5,9,8,7,0,0,0,0,0,0,0,51,1,3,6.5,0,10,6,5,4,0,0,0,0,0,0,0,60,0,3,6.5,0,4,10,3,5,0,0,0,0,0,0,0
171,7,24,2,1,2,3.0,1,0,2,8,0,0,0,0,0,0,0,0,13,1,2,5.0,0,4,9,3,0,0,0,0,0,0,0,0,32,1,2,4.0,1,9,8,7,0,0,0,0,0,0,0,0,45,1,2,6.0,0,6,5,4,0,0,0,0,0,0,0,0,50,0,2,6.0,0,10,3,5,0,0,0,0,0,0,0,0
171,8,22,2,1,1,2.0,1,2,8,0,0,0,0,0,0,0,0,0,4,0,1,4.5,0,9,3,0,0,0,0,0,0,0,0,0,24,0,1,3.5,0,8,7,0,0,0,0,0,0,0,0,0,40,1,1,5.5,0,5,4,0,0,0,0,0,0,0,0,0,47,0,1,5.5,0,3,5,0,0,0,0,0,0,0,0,0
171,9,6,2,1,0,1.0,1,0,0,0,0,0,0,0,0,0,0,0,4,0,0,3.5,1,0,0,0,0,0,0,0,0,0,0,0,17,0,0,3.0,0,7,0,0,0,0,0,0,0,0,0,0,36,1,0,5.0,0,4,0,0,0,0,0,0,0,0,0,0,47,1,0,4.5,1,0,0,0,0,0,0,0,0,0,0,0
172,0,94,10,0,9,9.0,1,0,1,8,8,2,9,4,3,9,7,0,45,0,9,9.5,0,5,3,6,1,8,7,5,2,9,1,0,46,1,9,9.5,0,4,8,5,6,2,6,9,8,1,6,0,99,0,9,9.5,0,1,9,1,9,9,10,2,5,5,3,0,91,0,9,9.5,0,9,4,8,6,6,2,7,5,8,1,0
172,1,84,10,0,8,8.0,1,0,8,8,2,9,4,3,9,7,0,0,42,0,8,9.0,0,3,6,1,8,7,5,2,9,1,0,0,38,1,8,9.0,0,8,5,6,2,6,9,8,1,6,0,0,99,0,8,8.5,1,0,1,9,9,10,2,5,5,3,0,0,87,0,8,9.0,0,4,8,6,6,2,7,5,8,1,0,0
172,2,67,10,0,7,7.0,1,0,8,2,9,4,3,9,7,0,0,0,36,0,7,8.5,0,6,1,8,7,5,2,9,1,0,0,0,33,0,7,8.5,0,5,6,2,6,9,8,1,6,0,0,0,99,1,7,7.5,1,0,9,9,10,2,5,5,3,0,0,0,87,0,7,8.0,1,0,6,6,2,7,5,8,1,0,0,0
172,3,67,2,0,6,6.5,0,8,2,9,4,3,9,7,0,0,0,0,35,0,6,8.0,0,1,8,7,5,2,9,1,0,0,0,0,27,0,6,8.0,0,6,2,6,9,8,1,6,0,0,0,0,90,1,6,7.0,0,9,9,10,2,5,5,3,0,0,0,0,81,0,6,7.5,0,6,6,2,7,5,8,1,0,0,0,0
172,4,50,2,0,5,5.5,1,0,9,4,3,9,7,0,0,0,0,0,27,1,5,7.5,0,8,7,5,2,9,1,0,0,0,0,0,25,0,5,7.5,0,2,6,9,8,1,6,0,0,0,0,0,90,1,5,6.0,1,9,10,2,5,5,3,0,0,0,0,0,81,0,5,6.5,1,0,2,7,5,8,1,0,0,0,0,0
172,5,34,2,0,4,4.5,1,0,4,3,9,7,0,0,0,0,0,0,27,1,4,6.5,1,7,5,2,9,1,0,0,0,0,0,0,19,0,4,7.0,0,6,9,8,1,6,0,0,0,0,0,0,80,1,4,5.5,0,10,2,5,5,3,0,0,0,0,0,0,79,0,4,6.0,0,2,7,5,8,1,0,0,0,0,0,0
172,6,23,2,0,3,3.5,1,0,3,9,7,0,0,0,0,0,0,0,22,1,3,6.0,0,5,2,9,1,0,0,0,0,0,0,0,10,0,3,6.5,0,9,8,1,6,0,0,0,0,0,0,0,78,1,3,5.0,0,2,5,5,3,0,0,0,0,0,0,0,79,0,3,5.0,1,0,5,8,1,0,0,0,0,0,0,0
172,7,18,2,0,2,2.5,1,0,9,7,0,0,0,0,0,0,0,0,22,0,2,5.0,1,2,9,1,0,0,0,0,0,0,0,0,2,0,2,6.0,0,8,1,6,0,0,0,0,0,0,0,0,73,0,2,4.5,0,5,5,3,0,0,0,0,0,0,0,0,74,0,2,4.5,0,5,8,1,0,0,0,0,0,0,0,0
172,8,5,0,0,1,2.0,0,0,7,0,0,0,0,0,0,0,0,0,13,0,1,4.5,0,9,1,0,0,0,0,0,0,0,0,0,1,0,1,5.5,0,1,6,0,0,0,0,0,0,0,0,0,73,0,1,3.5,1,0,3,0,0,0,0,0,0,0,0,0,74,0,1,3.5,1,0,1,0,0,0,0,0,0,0,0,0
172,9,0,0,0,0,1.0,1,0,0,0,0,0,0,0,0,0,0,0,13,0,0,3.5,1,0,0,0,0,0,0,0,0,0,0,0,0,0,0,5.0,0,0,0,0,0,0,0,0,0,0,0,0,70,0,0,3.0,0,3,0,0,0,0,0,0,0,0,0,0,73,1,0,3.0,0,1,0,0,0,0,0,0,0,0,0,0
173,0,94,10,0,9,9.0,1,0,1,8,2,2,2,5,5,9,1,0,50,1,9,9.0,1,5,10,7,5,8,3,2,3,4,9,0,48,0,9,9.5,0,2,2,6,9,2,6,2,9,1,6,0,97,0,9,9.5,0,3,3,9,3,4,1,10,2,7,1,0,95,0,9,9.5,0,5,1,3,9,2,3,8,3,10,5,0
173,1,88,10,1,8,8.0,1,0,8,2,2,2,5,5,9,1,0,0,40,1,8,8.5,0,10,7,5,8,3,2,3,4,9,0,0,48,0,8,8.5,1,0,6,9,2,6,2,9,1,6,0,0,97,0,8,8.5,1,0,9,3,4,1,10,2,7,1,0,0,94,0,8,9.0,0,1,3,9,2,3,8,3,10,5,0,0
173,2,80,10,1,7,7.0,1,8,2,2,2,5,5,9,1,0,0,0,33,1,7,8.0,0,7,5,8,3,2,3,4,9,0,0,0,42,1,7,8.0,0,6,9,2,6,2,9,1,6,0,0,0,88,0,7,8.0,0,9,3,4,1,10,2,7,1,0,0,0,91,1,7,8.5,0,3,9,2,3,8,3,10,5,0,0,0
173,3,66,8,1,6,6.5,0,2,2,2,5,5,9,1,0,0,0,0,33,1,6,7.0,1,5,8,3,2,3,4,9,0,0,0,0,42,1,6,7.0,1,9,2,6,2,9,1,6,0,0,0,0,85,0,6,7.5,0,3,4,1,10,2,7,1,0,0,0,0,82,1,6,8.0,0,9,2,3,8,3,10,5,0,0,0,0
173,4,56,8,1,5,5.5,1,2,2,5,5,9,1,0,0,0,0,0,33,1,5,6.0,1,8,3,2,3,4,9,0,0,0,0,0,40,1,5,6.5,0,2,6,2,9,1,6,0,0,0,0,0,81,0,5,7.0,0,4,1,10,2,7,1,0,0,0,0,0,80,1,5,7.5,0,2,3,8,3,10,5,0,0,0,0,0
173,5,48,8,1,4,4.5,1,2,5,5,9,1,0,0,0,0,0,0,30,1,4,5.5,0,3,2,3,4,9,0,0,0,0,0,0,40,1,4,5.5,1,6,2,9,1,6,0,0,0,0,0,0,80,0,4,6.5,0,1,10,2,7,1,0,0,0,0,0,0,77,1,4,7.0,0,3,8,3,10,5,0,0,0,0,0,0
173,6,41,8,1,3,3.5,1,5,5,9,1,0,0,0,0,0,0,0,30,1,3,4.5,1,2,3,4,9,0,0,0,0,0,0,0,38,1,3,5.0,0,2,9,1,6,0,0,0,0,0,0,0,70,0,3,6.0,0,10,2,7,1,0,0,0,0,0,0,0,69,0,3,6.5,0,8,3,10,5,0,0,0,0,0,0,0
173,7,34,8,1,2,2.5,1,5,9,1,0,0,0,0,0,0,0,0,27,1,2,4.0,0,3,4,9,0,0,0,0,0,0,0,0,29,1,2,4.5,0,9,1,6,0,0,0,0,0,0,0,0,70,0,2,5.0,1,0,7,1,0,0,0,0,0,0,0,0,66,0,2,6.0,0,3,10,5,0,0,0,0,0,0,0,0
173,8,11,8,1,1,1.5,1,0,1,0,0,0,0,0,0,0,0,0,27,1,1,3.0,1,4,9,0,0,0,0,0,0,0,0,0,28,1,1,4.0,0,1,6,0,0,0,0,0,0,0,0,0,63,1,1,4.5,0,7,1,0,0,0,0,0,0,0,0,0,66,0,1,5.0,1,0,5,0,0,0,0,0,0,0,0,0
173,9,10,8,1,0,0.5,1,1,0,0,0,0,0,0,0,0,0,0,18,0,0,2.5,0,9,0,0,0,0,0,0,0,0,0,0,22,1,0,3.5,0,6,0,0,0,0,0,0,0,0,0,0,62,1,0,4.0,0,1,0,0,0,0,0,0,0,0,0,0,61,0,0,4.5,0,5,0,0,0,0,0,0,0,0,0,0
174,0,84,10,1,9,9.0,1,10,6,10,9,10,3,10,6,4,10,0,48,1,9,9.5,0,2,1,5,5,4,4,10,3,8,3,0,50,1,9,9.0,1,6,2,2,6,1,5,7,8,9,2,0,99,0,9,9.5,0,1,1,7,4,7,1,8,6,10,10,0,93,1,9,9.5,0,7,10,4,4,8,1,8,8,4,8,0
174,1,74,10,1,8,8.0,1,6,10,9,10,3,10,6,4,10,0,0,48,1,8,8.5,1,1,5,5,4,4,10,3,8,3,0,0,50,1,8,8.0,1,2,2,6,1,5,7,8,9,2,0,0,99,0,8,8.5,1,0,7,4,7,1,8,6,10,10,0,0,83,1,8,9.0,0,10,4,4,8,1,8,8,4,8,0,0
174,2,64,10,1,7,7.0,1,10,9,10,3,10,6,4,10,0,0,0,43,1,7,8.0,0,5,5,4,4,10,3,8,3,0,0,0,48,1,7,7.5,0,2,6,1,5,7,8,9,2,0,0,0,92,0,7,8.0,0,7,4,7,1,8,6,10,10,0,0,0,79,1,7,8.5,0,4,4,8,1,8,8,4,8,0,0,0
174,3,64,1,1,6,6.5,0,9,10,3,10,6,4,10,0,0,0,0,38,1,6,7.5,0,5,4,4,10,3,8,3,0,0,0,0,42,1,6,7.0,0,6,1,5,7,8,9,2,0,0,0,0,88,0,6,7.5,0,4,7,1,8,6,10,10,0,0,0,0,75,1,6,8.0,0,4,8,1,8,8,4,8,0,0,0,0
174,4,49,1,1,5,5.5,1,0,3,10,6,4,10,0,0,0,0,0,38,1,5,6.5,1,4,4,10,3,8,3,0,0,0,0,0,42,1,5,6.0,1,1,5,7,8,9,2,0,0,0,0,0,81,0,5,7.0,0,7,1,8,6,10,10,0,0,0,0,0,67,0,5,7.5,0,8,1,8,8,4,8,0,0,0,0,0
174,5,46,1,1,4,4.5,1,0,10,6,4,10,0,0,0,0,0,0,34,1,4,6.0,0,4,10,3,8,3,0,0,0,0,0,0,37,1,4,5.5,0,5,7,8,9,2,0,0,0,0,0,0,80,1,4,6.5,0,1,8,6,10,10,0,0,0,0,0,0,66,0,4,7.0,0,1,8,8,4,8,0,0,0,0,0,0
174,6,28,1,1,3,3.5,1,0,6,4,10,0,0,0,0,0,0,0,24,1,3,5.5,0,10,3,8,3,0,0,0,0,0,0,0,30,1,3,5.0,0,7,8,9,2,0,0,0,0,0,0,0,72,1,3,6.0,0,8,6,10,10,0,0,0,0,0,0,0,66,1,3,6.0,1,0,8,4,8,0,0,0,0,0,0,0
174,7,20,0,1,2,3.0,0,0,4,10,0,0,0,0,0,0,0,0,21,1,2,5.0,0,3,8,3,0,0,0,0,0,0,0,0,30,1,2,4.0,1,8,9,2,0,0,0,0,0,0,0,0,66,1,2,5.5,0,6,10,10,0,0,0,0,0,0,0,0,58,1,2,5.5,0,8,4,8,0,0,0,0,0,0,0,0
174,8,4,0,1,1,2.0,1,0,10,0,0,0,0,0,0,0,0,0,21,1,1,4.0,1,8,3,0,0,0,0,0,0,0,0,0,21,1,1,3.5,0,9,2,0,0,0,0,0,0,0,0,0,56,1,1,5.0,0,10,10,0,0,0,0,0,0,0,0,0,58,0,1,4.5,1,4,8,0,0,0,0,0,0,0,0,0
174,9,0,0,1,0,1.0,1,0,0,0,0,0,0,0,0,0,0,0,21,1,0,3.0,1,0,0,0,0,0,0,0,0,0,0,0,19,1,0,3.0,0,2,0,0,0,0,0,0,0,0,0,0,46,1,0,4.5,0,10,0,0,0,0,0,0,0,0,0,0,50,0,0,4.0,0,8,0,0,0,0,0,0,0,0,0,0
175,0,91,10,0,9,9.0,1,0,10,4,3,4,4,9,6,6,9,0,40,1,9,9.5,0,10,2,6,8,3,6,5,9,9,4,0,47,0,9,9.5,0,3,5,5,7,3,4,8,10,10,8,0,99,1,9,9.5,0,1,2,5,7,6,2,10,2,1,2,0,94,0,9,9.5,0,6,9,4,4,7,5,4,2,5,2,0
175,1,79,10,0,8,8.0,1,0,4,3,4,4,9,6,6,9,0,0,40,1,8,8.5,1,2,6,8,3,6,5,9,9,4,0,0,42,0,8,9.0,0,5,5,7,3,4,8,10,10,8,0,0,97,1,8,9.0,0,2,5,7,6,2,10,2,1,2,0,0,85,1,8,9.0,0,9,4,4,7,5,4,2,5,2,0,0
175,2,75,10,0,7,7.0,1,0,3,4,4,9,6,6,9,0,0,0,34,1,7,8.0,0,6,8,3,6,5,9,9,4,0,0,0,37,0,7,8.5,0,5,7,3,4,8,10,10,8,0,0,0,92,0,7,8.5,0,5,7,6,2,10,2,1,2,0,0,0,81,1,7,8.5,0,4,4,7,5,4,2,5,2,0,0,0
175,3,65,10,1,6,6.0,1,0,4,4,9,6,6,9,0,0,0,0,26,1,6,7.5,0,8,3,6,5,9,9,4,0,0,0,0,30,0,6,8.0,0,7,3,4,8,10,10,8,0,0,0,0,92,0,6,7.5,1,0,6,2,10,2,1,2,0,0,0,0,77,0,6,8.0,0,4,7,5,4,2,5,2,0,0,0,0
175,4,62,6,1,5,5.5,0,4,4,9,6,6,9,0,0,0,0,0,23,1,5,7.0,0,3,6,5,9,9,4,0,0,0,0,0,30,0,5,7.0,1,0,4,8,10,10,8,0,0,0,0,0,86,1,5,7.0,0,6,2,10,2,1,2,0,0,0,0,0,70,0,5,7.5,0,7,5,4,2,5,2,0,0,0,0,0
175,5,54,6,1,4,4.5,1,4,9,6,6,9,0,0,0,0,0,0,17,1,4,6.5,0,6,5,9,9,4,0,0,0,0,0,0,30,0,4,6.0,1,0,8,10,10,8,0,0,0,0,0,0,84,1,4,6.5,0,2,10,2,1,2,0,0,0,0,0,0,65,0,4,7.0,0,5,4,2,5,2,0,0,0,0,0,0
175,6,33,6,1,3,3.5,1,0,6,6,9,0,0,0,0,0,0,0,12,1,3,6.0,0,5,9,9,4,0,0,0,0,0,0,0,30,1,3,5.0,1,0,10,10,8,0,0,0,0,0,0,0,74,1,3,6.0,0,10,2,1,2,0,0,0,0,0,0,0,65,0,3,6.0,1,0,2,5,2,0,0,0,0,0,0,0
175,7,25,6,1,2,2.5,1,6,6,9,0,0,0,0,0,0,0,0,3,1,2,5.5,0,9,9,4,0,0,0,0,0,0,0,0,20,0,2,4.5,0,10,10,8,0,0,0,0,0,0,0,0,74,1,2,5.0,1,2,1,2,0,0,0,0,0,0,0,0,63,0,2,5.5,0,2,5,2,0,0,0,0,0,0,0,0
175,8,25,0,1,1,2.0,0,6,9,0,0,0,0,0,0,0,0,0,0,1,1,5.0,0,0,4,0,0,0,0,0,0,0,0,0,10,0,1,4.0,0,10,8,0,0,0,0,0,0,0,0,0,73,1,1,4.5,0,1,2,0,0,0,0,0,0,0,0,0,58,0,1,5.0,0,5,2,0,0,0,0,0,0,0,0,0
175,9,4,0,1,0,1.0,1,0,0,0,0,0,0,0,0,0,0,0,0,1,0,4.0,1,0,0,0,0,0,0,0,0,0,0,0,10,0,0,3.0,1,0,0,0,0,0,0,0,0,0,0,0,71,1,0,4.0,0,2,0,0,0,0,0,0,0,0,0,0,56,0,0,4.5,0,2,0,0,0,0,0,0,0,0,0,0
176,0,92,10,0,9,9.0,1,0,10,2,3,7,8,5,1,4,4,0,42,0,9,9.5,0,8,3,1,2,9,7,10,4,9,6,0,45,1,9,9.5,0,5,7,2,1,5,1,10,10,8,1,0,90,1,9,9.5,0,10,2,2,1,10,6,9,3,6,8,0,90,0,9,9.5,0,10,7,4,1,1,4,5,6,4,9,0
176,1,73,10,0,8,8.0,1,0,2,3,7,8,5,1,4,4,0,0,39,0,8,9.0,0,3,1,2,9,7,10,4,9,6,0,0,45,0,8,8.5,1,7,2,1,5,1,10,10,8,1,0,0,90,0,8,8.5,1,2,2,1,10,6,9,3,6,8,0,0,83,0,8,9.0,0,7,4,1,1,4,5,6,4,9,0,0
176,2,69,10,0,7,7.0,1,0,3,7,8,5,1,4,4,0,0,0,38,0,7,8.5,0,1,2,9,7,10,4,9,6,0,0,0,45,0,7,7.5,1,0,1,5,1,10,10,8,1,0,0,0,88,0,7,8.0,0,2,1,10,6,9,3,6,8,0,0,0,79,0,7,8.5,0,4,1,1,4,5,6,4,9,0,0,0
176,3,65,10,0,6,6.0,1,0,7,8,5,1,4,4,0,0,0,0,36,0,6,8.0,0,2,9,7,10,4,9,6,0,0,0,0,44,0,6,7.0,0,1,5,1,10,10,8,1,0,0,0,0,88,0,6,7.0,1,0,10,6,9,3,6,8,0,0,0,0,78,0,6,8.0,0,1,1,4,5,6,4,9,0,0,0,0
176,4,45,3,0,5,5.5,0,7,8,5,1,4,4,0,0,0,0,0,36,0,5,7.0,1,0,7,10,4,9,6,0,0,0,0,0,39,0,5,6.5,0,5,1,10,10,8,1,0,0,0,0,0,88,1,5,6.0,1,0,6,9,3,6,8,0,0,0,0,0,78,0,5,7.0,1,0,4,5,6,4,9,0,0,0,0,0
176,5,37,0,0,4,5.0,0,0,5,1,4,4,0,0,0,0,0,0,36,0,4,6.0,1,0,10,4,9,6,0,0,0,0,0,0,39,0,4,5.5,1,0,10,10,8,1,0,0,0,0,0,0,82,1,4,5.5,0,6,9,3,6,8,0,0,0,0,0,0,74,0,4,6.5,0,4,5,6,4,9,0,0,0,0,0,0
176,6,17,0,0,3,4.5,0,0,1,4,4,0,0,0,0,0,0,0,36,0,3,5.0,1,0,4,9,6,0,0,0,0,0,0,0,39,0,3,4.5,1,0,10,8,1,0,0,0,0,0,0,0,73,1,3,5.0,0,9,3,6,8,0,0,0,0,0,0,0,69,0,3,6.0,0,5,6,4,9,0,0,0,0,0,0,0
176,7,13,0,1,2,4.0,0,0,4,4,0,0,0,0,0,0,0,0,36,0,2,4.0,1,0,9,6,0,0,0,0,0,0,0,0,29,0,2,4.0,0,10,8,1,0,0,0,0,0,0,0,0,70,0,2,4.5,0,3,6,8,0,0,0,0,0,0,0,0,63,0,2,5.5,0,6,4,9,0,0,0,0,0,0,0,0
176,8,13,0,1,1,3.5,0,0,4,0,0,0,0,0,0,0,0,0,27,0,1,3.5,0,9,6,0,0,0,0,0,0,0,0,0,21,0,1,3.5,0,8,1,0,0,0,0,0,0,0,0,0,64,1,1,4.0,0,6,8,0,0,0,0,0,0,0,0,0,59,1,1,5.0,0,4,9,0,0,0,0,0,0,0,0,0
176,9,5,0,1,0,3.0,0,0,0,0,0,0,0,0,0,0,0,0,21,0,0,3.0,0,6,0,0,0,0,0,0,0,0,0,0,20,0,0,3.0,0,1,0,0,0,0,0,0,0,0,0,0,64,0,0,3.0,1,8,0,0,0,0,0,0,0,0,0,0,50,1,0,4.5,0,9,0,0,0,0,0,0,0,0,0,0
177,0,82,10,0,9,9.0,1,0,7,6,9,9,7,10,9,1,3,0,42,0,9,9.5,0,8,4,4,3,3,3,1,1,9,3,0,50,0,9,9.0,1,0,7,6,5,7,8,6,3,4,7,0,93,0,9,9.5,0,7,9,7,5,5,1,8,2,2,6,0,95,1,9,9.5,0,5,2,3,2,5,7,3,9,7,1,0
177,1,59,10,0,8,8.0,1,0,6,9,9,7,10,9,1,3,0,0,38,0,8,9.0,0,4,4,3,3,3,1,1,9,3,0,0,50,0,8,8.0,1,0,6,5,7,8,6,3,4,7,0,0,93,0,8,8.5,1,0,7,5,5,1,8,2,2,6,0,0,93,1,8,9.0,0,2,3,2,5,7,3,9,7,1,0,0
177,2,49,4,1,7,7.5,0,6,9,9,7,10,9,1,3,0,0,0,34,0,7,8.5,0,4,3,3,3,1,1,9,3,0,0,0,44,0,7,7.5,0,6,5,7,8,6,3,4,7,0,0,0,93,0,7,7.5,1,0,5,5,1,8,2,2,6,0,0,0,93,1,7,8.0,1,3,2,5,7,3,9,7,1,0,0,0
177,3,49,0,1,6,7.0,0,0,9,7,10,9,1,3,0,0,0,0,31,0,6,8.0,0,3,3,3,1,1,9,3,0,0,0,0,39,0,6,7.0,0,5,7,8,6,3,4,7,0,0,0,0,88,0,6,7.0,0,5,5,1,8,2,2,6,0,0,0,0,91,1,6,7.5,0,2,5,7,3,9,7,1,0,0,0,0
177,4,41,0,1,5,6.5,0,0,7,10,9,1,3,0,0,0,0,0,31,0,5,7.0,1,0,3,1,1,9,3,0,0,0,0,0,32,0,5,6.5,0,7,8,6,3,4,7,0,0,0,0,0,83,0,5,6.5,0,5,1,8,2,2,6,0,0,0,0,0,91,0,5,6.5,1,5,7,3,9,7,1,0,0,0,0,0
177,5,33,0,1,4,6.0,0,0,10,9,1,3,0,0,0,0,0,0,28,0,4,6.5,0,3,1,1,9,3,0,0,0,0,0,0,32,0,4,5.5,1,0,6,3,4,7,0,0,0,0,0,0,82,0,4,6.0,0,1,8,2,2,6,0,0,0,0,0,0,84,0,4,6.0,0,7,3,9,7,1,0,0,0,0,0,0
177,6,30,0,1,3,5.5,0,0,9,1,3,0,0,0,0,0,0,0,27,0,3,6.0,0,1,1,9,3,0,0,0,0,0,0,0,26,0,3,5.0,0,6,3,4,7,0,0,0,0,0,0,0,74,1,3,5.5,0,8,2,2,6,0,0,0,0,0,0,0,84,0,3,5.0,1,0,9,7,1,0,0,0,0,0,0,0
177,7,20,0,1,2,4.5,1,0,1,3,0,0,0,0,0,0,0,0,27,0,2,5.0,1,0,9,3,0,0,0,0,0,0,0,0,23,0,2,4.5,0,3,4,7,0,0,0,0,0,0,0,0,72,1,2,5.0,0,2,2,6,0,0,0,0,0,0,0,0,75,1,2,4.5,0,9,7,1,0,0,0,0,0,0,0,0
177,8,17,0,1,1,3.5,1,0,3,0,0,0,0,0,0,0,0,0,18,0,1,4.5,0,9,3,0,0,0,0,0,0,0,0,0,19,0,1,4.0,0,4,7,0,0,0,0,0,0,0,0,0,72,1,1,4.0,1,2,6,0,0,0,0,0,0,0,0,0,68,1,1,4.0,0,7,1,0,0,0,0,0,0,0,0,0
177,9,14,0,1,0,2.5,1,0,0,0,0,0,0,0,0,0,0,0,15,1,0,4.0,0,3,0,0,0,0,0,0,0,0,0,0,12,0,0,3.5,0,7,0,0,0,0,0,0,0,0,0,0,66,1,0,3.5,0,6,0,0,0,0,0,0,0,0,0,0,67,1,0,3.5,0,1,0,0,0,0,0,0,0,0,0,0
178,0,93,10,1,9,9.0,1,7,6,5,5,6,1,6,1,2,2,0,45,1,9,9.5,0,5,1,7,2,10,2,1,5,4,3,0,46,0,9,9.5,0,4,5,7,5,3,10,6,8,6,1,0,97,1,9,9.5,0,3,9,8,1,4,7,7,1,4,1,0,93,1,9,9.5,0,7,4,5,2,10,6,10,3,10,1,0
178,1,87,10,1,8,8.0,1,6,5,5,6,1,6,1,2,2,0,0,44,0,8,9.0,0,1,7,2,10,2,1,5,4,3,0,0,41,0,8,9.0,0,5,7,5,3,10,6,8,6,1,0,0,88,1,8,9.0,0,9,8,1,4,7,7,1,4,1,0,0,89,1,8,9.0,0,4,5,2,10,6,10,3,10,1,0,0
178,2,82,10,1,7,7.0,1,5,5,6,1,6,1,2,2,0,0,0,37,1,7,8.5,0,7,2,10,2,1,5,4,3,0,0,0,34,1,7,8.5,0,7,5,3,10,6,8,6,1,0,0,0,80,1,7,8.5,0,8,1,4,7,7,1,4,1,0,0,0,84,1,7,8.5,0,5,2,10,6,10,3,10,1,0,0,0
178,3,75,10,0,6,6.0,1,5,6,1,6,1,2,2,0,0,0,0,37,1,6,7.5,1,2,10,2,1,5,4,3,0,0,0,0,29,1,6,8.0,0,5,3,10,6,8,6,1,0,0,0,0,79,1,6,8.0,0,1,4,7,7,1,4,1,0,0,0,0,82,1,6,8.0,0,2,10,6,10,3,10,1,0,0,0,0
178,4,59,10,0,5,5.0,1,0,1,6,1,2,2,0,0,0,0,0,27,1,5,7.0,0,10,2,1,5,4,3,0,0,0,0,0,26,1,5,7.5,0,3,10,6,8,6,1,0,0,0,0,0,75,0,5,7.5,0,4,7,7,1,4,1,0,0,0,0,0,82,0,5,7.0,1,10,6,10,3,10,1,0,0,0,0,0
178,5,58,10,0,4,4.0,1,0,6,1,2,2,0,0,0,0,0,0,25,1,4,6.5,0,2,1,5,4,3,0,0,0,0,0,0,16,1,4,7.0,0,10,6,8,6,1,0,0,0,0,0,0,68,1,4,7.0,0,7,7,1,4,1,0,0,0,0,0,0,76,1,4,6.5,0,6,10,3,10,1,0,0,0,0,0,0
178,6,46,10,0,3,3.0,1,0,1,2,2,0,0,0,0,0,0,0,24,1,3,6.0,0,1,5,4,3,0,0,0,0,0,0,0,16,1,3,6.0,1,6,8,6,1,0,0,0,0,0,0,0,61,1,3,6.5,0,7,1,4,1,0,0,0,0,0,0,0,66,1,3,6.0,0,10,3,10,1,0,0,0,0,0,0,0
178,7,45,10,0,2,2.0,1,0,2,2,0,0,0,0,0,0,0,0,19,1,2,5.5,0,5,4,3,0,0,0,0,0,0,0,0,8,1,2,5.5,0,8,6,1,0,0,0,0,0,0,0,0,60,0,2,6.0,0,1,4,1,0,0,0,0,0,0,0,0,63,1,2,5.5,0,3,10,1,0,0,0,0,0,0,0,0
178,8,35,10,0,1,1.0,1,0,2,0,0,0,0,0,0,0,0,0,19,1,1,4.5,1,4,3,0,0,0,0,0,0,0,0,0,2,1,1,5.0,0,6,1,0,0,0,0,0,0,0,0,0,60,1,1,5.0,1,0,1,0,0,0,0,0,0,0,0,0,53,1,1,5.0,0,10,1,0,0,0,0,0,0,0,0,0
178,9,33,8,0,0,0.5,0,2,0,0,0,0,0,0,0,0,0,0,16,1,0,4.0,0,3,0,0,0,0,0,0,0,0,0,0,2,0,0,4.0,1,1,0,0,0,0,0,0,0,0,0,0,59,1,0,4.5,0,1,0,0,0,0,0,0,0,0,0,0,53,1,0,4.0,1,1,0,0,0,0,0,0,0,0,0,0
179,0,91,10,1,9,9.0,1,2,1,8,2,4,7,9,2,1,1,0,46,1,9,9.5,0,4,5,2,3,8,7,7,1,1,10,0,45,0,9,9.5,0,5,9,3,1,9,8,5,8,9,10,0,98,0,9,9.5,0,2,5,10,6,3,2,1,6,1,8,0,100,0,9,9.0,1,7,7,4,3,3,7,6,5,7,6,0
179,1,90,10,1,8,8.0,1,1,8,2,4,7,9,2,1,1,0,0,41,1,8,9.0,0,5,2,3,8,7,7,1,1,10,0,0,36,0,8,9.0,0,9,3,1,9,8,5,8,9,10,0,0,93,0,8,9.0,0,5,10,6,3,2,1,6,1,8,0,0,93,0,8,8.5,0,7,4,3,3,7,6,5,7,6,0,0
179,2,72,10,1,7,7.0,1,8,2,4,7,9,2,1,1,0,0,0,39,1,7,8.5,0,2,3,8,7,7,1,1,10,0,0,0,33,0,7,8.5,0,3,1,9,8,5,8,9,10,0,0,0,93,0,7,8.0,1,0,6,3,2,1,6,1,8,0,0,0,89,0,7,8.0,0,4,3,3,7,6,5,7,6,0,0,0
179,3,70,10,1,6,6.0,1,2,4,7,9,2,1,1,0,0,0,0,36,1,6,8.0,0,3,8,7,7,1,1,10,0,0,0,0,32,0,6,8.0,0,1,9,8,5,8,9,10,0,0,0,0,87,0,6,7.5,0,6,3,2,1,6,1,8,0,0,0,0,86,0,6,7.5,0,3,3,7,6,5,7,6,0,0,0,0
179,4,66,10,1,5,5.0,1,4,7,9,2,1,1,0,0,0,0,0,28,1,5,7.5,0,8,7,7,1,1,10,0,0,0,0,0,23,0,5,7.5,0,9,8,5,8,9,10,0,0,0,0,0,84,0,5,7.0,0,3,2,1,6,1,8,0,0,0,0,0,83,0,5,7.0,0,3,7,6,5,7,6,0,0,0,0,0
179,5,52,10,1,4,4.0,1,7,9,2,1,1,0,0,0,0,0,0,28,1,4,6.5,1,7,7,1,1,10,0,0,0,0,0,0,15,0,4,7.0,0,8,5,8,9,10,0,0,0,0,0,0,82,0,4,6.5,0,2,1,6,1,8,0,0,0,0,0,0,76,0,4,6.5,0,7,6,5,7,6,0,0,0,0,0,0
179,6,52,1,1,3,3.5,0,9,2,1,1,0,0,0,0,0,0,0,21,1,3,6.0,0,7,1,1,10,0,0,0,0,0,0,0,10,0,3,6.5,0,5,8,9,10,0,0,0,0,0,0,0,81,0,3,6.0,0,1,6,1,8,0,0,0,0,0,0,0,70,0,3,6.0,0,6,5,7,6,0,0,0,0,0,0,0
179,7,52,0,1,2,3.0,0,0,1,1,0,0,0,0,0,0,0,0,20,1,2,5.5,0,1,1,10,0,0,0,0,0,0,0,0,2,0,2,6.0,0,8,9,10,0,0,0,0,0,0,0,0,75,0,2,5.5,0,6,1,8,0,0,0,0,0,0,0,0,65,0,2,5.5,0,5,7,6,0,0,0,0,0,0,0,0
179,8,51,0,1,1,2.5,0,0,1,0,0,0,0,0,0,0,0,0,19,1,1,5.0,0,1,10,0,0,0,0,0,0,0,0,0,0,1,1,5.5,0,0,10,0,0,0,0,0,0,0,0,0,75,1,1,4.5,1,0,8,0,0,0,0,0,0,0,0,0,58,0,1,5.0,0,7,6,0,0,0,0,0,0,0,0,0
179,9,50,0,1,0,1.5,1,0,0,0,0,0,0,0,0,0,0,0,9,1,0,4.5,0,10,0,0,0,0,0,0,0,0,0,0,0,1,0,5.0,0,0,0,0,0,0,0,0,0,0,0,0,67,0,0,4.0,0,8,0,0,0,0,0,0,0,0,0,0,52,0,0,4.5,0,6,0,0,0,0,0,0,0,0,0,0
180,0,92,2,1,9,9.5,0,8,10,2,3,5,3,5,10,3,7,0,42,0,9,9.5,0,8,6,7,5,3,7,1,6,4,5,0,50,0,9,9.0,1,8,3,5,9,8,7,4,7,3,9,0,93,0,9,9.5,0,7,4,6,7,9,10,6,8,3,3,0,94,0,9,9.5,0,6,2,7,8,1,3,4,5,8,6,0
180,1,84,0,1,8,9.0,0,0,2,3,5,3,5,10,3,7,0,0,42,0,8,8.5,1,0,7,5,3,7,1,6,4,5,0,0,47,0,8,8.5,0,3,5,9,8,7,4,7,3,9,0,0,89,0,8,9.0,0,4,6,7,9,10,6,8,3,3,0,0,94,0,8,8.5,1,0,7,8,1,3,4,5,8,6,0,0
180,2,76,0,1,7,8.0,1,0,3,5,3,5,10,3,7,0,0,0,35,0,7,8.0,0,7,5,3,7,1,6,4,5,0,0,0,42,0,7,8.0,0,5,9,8,7,4,7,3,9,0,0,0,89,0,7,8.0,1,0,7,9,10,6,8,3,3,0,0,0,87,0,7,8.0,0,7,8,1,3,4,5,8,6,0,0,0
180,3,69,0,1,6,7.5,0,0,5,3,5,10,3,7,0,0,0,0,30,0,6,7.5,0,5,3,7,1,6,4,5,0,0,0,0,33,0,6,7.5,0,9,8,7,4,7,3,9,0,0,0,0,89,0,6,7.0,1,0,9,10,6,8,3,3,0,0,0,0,79,0,6,7.5,0,8,1,3,4,5,8,6,0,0,0,0
180,4,69,0,1,5,7.0,0,0,3,5,10,3,7,0,0,0,0,0,27,0,5,7.0,0,3,7,1,6,4,5,0,0,0,0,0,25,0,5,7.0,0,8,7,4,7,3,9,0,0,0,0,0,80,0,5,6.5,0,9,10,6,8,3,3,0,0,0,0,0,78,0,5,7.0,0,1,3,4,5,8,6,0,0,0,0,0
180,5,69,0,1,4,6.5,0,0,5,10,3,7,0,0,0,0,0,0,20,0,4,6.5,0,7,1,6,4,5,0,0,0,0,0,0,18,0,4,6.5,0,7,4,7,3,9,0,0,0,0,0,0,70,0,4,6.0,0,10,6,8,3,3,0,0,0,0,0,0,75,1,4,6.5,0,3,4,5,8,6,0,0,0,0,0,0
180,6,64,0,1,3,5.5,1,0,10,3,7,0,0,0,0,0,0,0,19,1,3,6.0,0,1,6,4,5,0,0,0,0,0,0,0,14,0,3,6.0,0,4,7,3,9,0,0,0,0,0,0,0,64,0,3,5.5,0,6,8,3,3,0,0,0,0,0,0,0,71,1,3,6.0,0,4,5,8,6,0,0,0,0,0,0,0
180,7,49,0,1,2,5.0,0,0,3,7,0,0,0,0,0,0,0,0,13,0,2,5.5,0,6,4,5,0,0,0,0,0,0,0,0,14,0,2,5.0,1,0,3,9,0,0,0,0,0,0,0,0,64,0,2,4.5,1,0,3,3,0,0,0,0,0,0,0,0,66,1,2,5.5,0,5,8,6,0,0,0,0,0,0,0,0
180,8,43,0,1,1,4.0,1,0,7,0,0,0,0,0,0,0,0,0,9,0,1,5.0,0,4,5,0,0,0,0,0,0,0,0,0,11,0,1,4.5,0,3,9,0,0,0,0,0,0,0,0,0,64,0,1,3.5,1,0,3,0,0,0,0,0,0,0,0,0,58,1,1,5.0,0,8,6,0,0,0,0,0,0,0,0,0
180,9,22,0,1,0,3.0,1,0,0,0,0,0,0,0,0,0,0,0,9,0,0,4.0,1,0,0,0,0,0,0,0,0,0,0,0,11,0,0,3.5,1,0,0,0,0,0,0,0,0,0,0,0,61,0,0,3.0,0,3,0,0,0,0,0,0,0,0,0,0,52,1,0,4.5,0,6,0,0,0,0,0,0,0,0,0,0
181,0,99,5,0,9,9.5,0,5,5,9,3,3,4,9,9,7,2,0,46,1,9,9.5,0,4,9,9,8,3,7,9,1,4,6,0,42,1,9,9.5,0,8,6,8,8,6,1,7,7,3,6,0,93,1,9,9.5,0,7,9,9,4,2,4,6,9,7,3,0,100,1,9,9.0,1,1,6,4,8,1,10,3,8,5,10,0
181,1,94,5,0,8,8.5,1,0,9,3,3,4,9,9,7,2,0,0,37,1,8,9.0,0,9,9,8,3,7,9,1,4,6,0,0,36,1,8,9.0,0,6,8,8,6,1,7,7,3,6,0,0,84,1,8,9.0,0,9,9,4,2,4,6,9,7,3,0,0,94,1,8,8.5,0,6,4,8,1,10,3,8,5,10,0,0
181,2,85,0,0,7,8.0,0,0,3,3,4,9,9,7,2,0,0,0,28,1,7,8.5,0,9,8,3,7,9,1,4,6,0,0,0,28,1,7,8.5,0,8,8,6,1,7,7,3,6,0,0,0,84,1,7,8.0,1,9,4,2,4,6,9,7,3,0,0,0,90,0,7,8.0,0,4,8,1,10,3,8,5,10,0,0,0
181,3,69,0,0,6,7.5,0,0,3,4,9,9,7,2,0,0,0,0,28,0,6,7.5,1,8,3,7,9,1,4,6,0,0,0,0,28,1,6,7.5,1,8,6,1,7,7,3,6,0,0,0,0,80,1,6,7.5,0,4,2,4,6,9,7,3,0,0,0,0,82,0,6,7.5,0,8,1,10,3,8,5,10,0,0,0,0
181,4,66,0,0,5,7.0,0,0,4,9,9,7,2,0,0,0,0,0,28,0,5,6.5,1,0,7,9,1,4,6,0,0,0,0,0,22,1,5,7.0,0,6,1,7,7,3,6,0,0,0,0,0,78,1,5,7.0,0,2,4,6,9,7,3,0,0,0,0,0,81,0,5,7.0,0,1,10,3,8,5,10,0,0,0,0,0
181,5,62,0,0,4,6.0,1,0,9,9,7,2,0,0,0,0,0,0,21,0,4,6.0,0,7,9,1,4,6,0,0,0,0,0,0,21,1,4,6.5,0,1,7,7,3,6,0,0,0,0,0,0,74,1,4,6.5,0,4,6,9,7,3,0,0,0,0,0,0,71,0,4,6.5,0,10,3,8,5,10,0,0,0,0,0,0
181,6,49,0,0,3,5.5,0,0,9,7,2,0,0,0,0,0,0,0,12,0,3,5.5,0,9,1,4,6,0,0,0,0,0,0,0,21,1,3,5.5,1,7,7,3,6,0,0,0,0,0,0,0,74,1,3,5.5,1,6,9,7,3,0,0,0,0,0,0,0,68,0,3,6.0,0,3,8,5,10,0,0,0,0,0,0,0
181,7,49,0,0,2,5.0,0,0,7,2,0,0,0,0,0,0,0,0,11,0,2,5.0,0,1,4,6,0,0,0,0,0,0,0,0,14,1,2,5.0,0,7,3,6,0,0,0,0,0,0,0,0,65,1,2,5.0,0,9,7,3,0,0,0,0,0,0,0,0,60,0,2,5.5,0,8,5,10,0,0,0,0,0,0,0,0
181,8,42,0,0,1,4.0,1,0,2,0,0,0,0,0,0,0,0,0,7,0,1,4.5,0,4,6,0,0,0,0,0,0,0,0,0,11,0,1,4.5,0,3,6,0,0,0,0,0,0,0,0,0,58,1,1,4.5,0,7,3,0,0,0,0,0,0,0,0,0,55,0,1,5.0,0,5,10,0,0,0,0,0,0,0,0,0
181,9,34,0,0,0,3.0,1,0,0,0,0,0,0,0,0,0,0,0,7,0,0,3.5,1,0,0,0,0,0,0,0,0,0,0,0,5,0,0,4.0,0,6,0,0,0,0,0,0,0,0,0,0,55,1,0,4.0,0,3,0,0,0,0,0,0,0,0,0,0,45,0,0,4.5,0,10,0,0,0,0,0,0,0,0,0,0
182,0,91,10,1,9,9.0,1,3,6,9,9,4,6,4,8,1,4,0,43,1,9,9.5,0,7,10,9,9,7,7,7,6,3,4,0,50,1,9,9.0,1,6,4,5,6,4,1,7,10,2,10,0,97,0,9,9.5,0,3,3,1,5,3,5,7,9,8,3,0,91,0,9,9.5,0,9,2,6,9,4,7,9,6,2,7,0
182,1,88,4,1,8,8.5,0,6,9,9,4,6,4,8,1,4,0,0,33,1,8,9.0,0,10,9,9,7,7,7,6,3,4,0,0,46,1,8,8.5,0,4,5,6,4,1,7,10,2,10,0,0,97,0,8,8.5,1,0,1,5,3,5,7,9,8,3,0,0,89,0,8,9.0,0,2,6,9,4,7,9,6,2,7,0,0
182,2,79,4,1,7,7.5,1,0,9,4,6,4,8,1,4,0,0,0,24,1,7,8.5,0,9,9,7,7,7,6,3,4,0,0,0,41,1,7,8.0,0,5,6,4,1,7,10,2,10,0,0,0,96,1,7,8.0,0,1,5,3,5,7,9,8,3,0,0,0,83,0,7,8.5,0,6,9,4,7,9,6,2,7,0,0,0
182,3,55,4,1,6,6.5,1,0,4,6,4,8,1,4,0,0,0,0,24,1,6,7.5,1,9,7,7,7,6,3,4,0,0,0,0,41,1,6,7.0,1,6,4,1,7,10,2,10,0,0,0,0,91,1,6,7.5,0,5,3,5,7,9,8,3,0,0,0,0,74,0,6,8.0,0,9,4,7,9,6,2,7,0,0,0,0
182,4,43,4,1,5,5.5,1,4,6,4,8,1,4,0,0,0,0,0,17,1,5,7.0,0,7,7,7,6,3,4,0,0,0,0,0,41,1,5,6.0,1,4,1,7,10,2,10,0,0,0,0,0,88,0,5,7.0,0,3,5,7,9,8,3,0,0,0,0,0,74,0,5,7.0,1,0,7,9,6,2,7,0,0,0,0,0
182,5,30,4,1,4,4.5,1,0,4,8,1,4,0,0,0,0,0,0,17,0,4,6.0,1,7,7,6,3,4,0,0,0,0,0,0,40,1,4,5.5,0,1,7,10,2,10,0,0,0,0,0,0,83,0,4,6.5,0,5,7,9,8,3,0,0,0,0,0,0,67,0,4,6.5,0,7,9,6,2,7,0,0,0,0,0,0
182,6,26,4,1,3,3.5,1,4,8,1,4,0,0,0,0,0,0,0,10,0,3,5.5,0,7,6,3,4,0,0,0,0,0,0,0,33,1,3,5.0,0,7,10,2,10,0,0,0,0,0,0,0,76,0,3,6.0,0,7,9,8,3,0,0,0,0,0,0,0,58,0,3,6.0,0,9,6,2,7,0,0,0,0,0,0,0
182,7,12,4,1,2,2.5,1,0,1,4,0,0,0,0,0,0,0,0,10,0,2,4.5,1,0,3,4,0,0,0,0,0,0,0,0,23,1,2,4.5,0,10,2,10,0,0,0,0,0,0,0,0,67,0,2,5.5,0,9,8,3,0,0,0,0,0,0,0,0,52,0,2,5.5,0,6,2,7,0,0,0,0,0,0,0,0
182,8,6,4,1,1,1.5,1,1,4,0,0,0,0,0,0,0,0,0,10,0,1,3.5,1,0,4,0,0,0,0,0,0,0,0,0,23,1,1,3.5,1,2,10,0,0,0,0,0,0,0,0,0,59,0,1,5.0,0,8,3,0,0,0,0,0,0,0,0,0,50,0,1,5.0,0,2,7,0,0,0,0,0,0,0,0,0
182,9,0,0,1,0,1.0,0,4,0,0,0,0,0,0,0,0,0,0,10,0,0,2.5,1,0,0,0,0,0,0,0,0,0,0,0,13,1,0,3.0,0,10,0,0,0,0,0,0,0,0,0,0,56,0,0,4.5,0,3,0,0,0,0,0,0,0,0,0,0,50,0,0,4.0,1,0,0,0,0,0,0,0,0,0,0,0
183,0,95,10,0,9,9.0,1,0,8,8,5,9,4,8,4,8,4,0,43,0,9,9.5,0,7,10,8,6,9,10,6,7,6,7,0,45,0,9,9.5,0,5,9,2,1,7,7,5,6,2,5,0,97,0,9,9.5,0,3,8,3,6,10,9,10,6,2,4,0,90,1,9,9.5,0,10,1,2,1,1,9,5,7,10,1,0
183,1,78,10,0,8,8.0,1,0,8,5,9,4,8,4,8,4,0,0,33,0,8,9.0,0,10,8,6,9,10,6,7,6,7,0,0,36,0,8,9.0,0,9,2,1,7,7,5,6,2,5,0,0,97,0,8,8.5,1,0,3,6,10,9,10,6,2,4,0,0,90,0,8,8.5,1,1,2,1,1,9,5,7,10,1,0,0
183,2,68,10,0,7,7.0,1,0,5,9,4,8,4,8,4,0,0,0,25,0,7,8.5,0,8,6,9,10,6,7,6,7,0,0,0,36,0,7,8.0,1,0,1,7,7,5,6,2,5,0,0,0,94,1,7,8.0,0,3,6,10,9,10,6,2,4,0,0,0,88,0,7,8.0,0,2,1,1,9,5,7,10,1,0,0,0
183,3,62,10,0,6,6.0,1,0,9,4,8,4,8,4,0,0,0,0,19,0,6,8.0,0,6,9,10,6,7,6,7,0,0,0,0,35,0,6,7.5,0,1,7,7,5,6,2,5,0,0,0,0,88,1,6,7.5,0,6,10,9,10,6,2,4,0,0,0,0,88,0,6,7.0,1,0,1,9,5,7,10,1,0,0,0,0
183,4,53,10,0,5,5.0,1,0,4,8,4,8,4,0,0,0,0,0,10,0,5,7.5,0,9,10,6,7,6,7,0,0,0,0,0,28,0,5,7.0,0,7,7,5,6,2,5,0,0,0,0,0,78,1,5,7.0,0,10,9,10,6,2,4,0,0,0,0,0,87,1,5,6.5,0,1,9,5,7,10,1,0,0,0,0,0
183,5,49,10,0,4,4.0,1,0,8,4,8,4,0,0,0,0,0,0,0,1,4,7.0,0,10,6,7,6,7,0,0,0,0,0,0,21,1,4,6.5,0,7,5,6,2,5,0,0,0,0,0,0,69,1,4,6.5,0,9,10,6,2,4,0,0,0,0,0,0,78,1,4,6.0,0,9,5,7,10,1,0,0,0,0,0,0
183,6,30,10,1,3,3.0,1,0,4,8,4,0,0,0,0,0,0,0,0,0,3,6.0,1,0,7,6,7,0,0,0,0,0,0,0,21,1,3,5.5,1,5,6,2,5,0,0,0,0,0,0,0,59,1,3,6.0,0,10,6,2,4,0,0,0,0,0,0,0,73,1,3,5.5,0,5,7,10,1,0,0,0,0,0,0,0
183,7,19,10,1,2,2.0,1,4,8,4,0,0,0,0,0,0,0,0,0,0,2,5.0,1,0,6,7,0,0,0,0,0,0,0,0,15,1,2,5.0,0,6,2,5,0,0,0,0,0,0,0,0,53,0,2,5.5,0,6,2,4,0,0,0,0,0,0,0,0,66,1,2,5.0,0,7,10,1,0,0,0,0,0,0,0,0
183,8,5,10,1,1,1.0,1,8,4,0,0,0,0,0,0,0,0,0,0,0,1,4.0,1,0,7,0,0,0,0,0,0,0,0,0,13,1,1,4.5,0,2,5,0,0,0,0,0,0,0,0,0,51,0,1,5.0,0,2,4,0,0,0,0,0,0,0,0,0,56,1,1,4.5,0,10,1,0,0,0,0,0,0,0,0,0
183,9,0,10,1,0,0.0,1,4,0,0,0,0,0,0,0,0,0,0,0,0,0,3.0,1,0,0,0,0,0,0,0,0,0,0,0,8,1,0,4.0,0,5,0,0,0,0,0,0,0,0,0,0,47,0,0,4.5,0,4,0,0,0,0,0,0,0,0,0,0,55,1,0,4.0,0,1,0,0,0,0,0,0,0,0,0,0
184,0,89,10,0,9,9.0,1,3,5,7,2,1,1,4,7,8,3,0,50,0,9,9.0,1,0,4,7,4,7,1,10,8,4,1,0,50,0,9,9.0,1,0,7,3,6,10,8,2,5,5,9,0,95,1,9,9.5,0,5,8,9,2,9,2,6,8,2,6,0,93,1,9,9.5,0,7,9,2,1,1,6,7,3,4,3,0
184,1,84,10,0,8,8.0,1,0,7,2,1,1,4,7,8,3,0,0,46,0,8,8.5,0,4,7,4,7,1,10,8,4,1,0,0,43,0,8,8.5,0,7,3,6,10,8,2,5,5,9,0,0,87,1,8,9.0,0,8,9,2,9,2,6,8,2,6,0,0,84,1,8,9.0,0,9,2,1,1,6,7,3,4,3,0,0
184,2,82,3,0,7,7.5,0,7,2,1,1,4,7,8,3,0,0,0,39,0,7,8.0,0,7,4,7,1,10,8,4,1,0,0,0,40,1,7,8.0,0,3,6,10,8,2,5,5,9,0,0,0,78,1,7,8.5,0,9,2,9,2,6,8,2,6,0,0,0,84,1,7,8.0,1,2,1,1,6,7,3,4,3,0,0,0
184,3,80,3,0,6,6.5,1,0,1,1,4,7,8,3,0,0,0,0,35,0,6,7.5,0,4,7,1,10,8,4,1,0,0,0,0,34,1,6,7.5,0,6,10,8,2,5,5,9,0,0,0,0,76,1,6,8.0,0,2,9,2,6,8,2,6,0,0,0,0,83,1,6,7.5,0,1,1,6,7,3,4,3,0,0,0,0
184,4,72,3,0,5,5.5,1,0,1,4,7,8,3,0,0,0,0,0,35,0,5,6.5,1,0,1,10,8,4,1,0,0,0,0,0,24,1,5,7.0,0,10,8,2,5,5,9,0,0,0,0,0,67,1,5,7.5,0,9,2,6,8,2,6,0,0,0,0,0,82,1,5,7.0,0,1,6,7,3,4,3,0,0,0,0,0
184,5,57,3,0,4,4.5,1,0,4,7,8,3,0,0,0,0,0,0,34,0,4,6.0,0,1,10,8,4,1,0,0,0,0,0,0,24,1,4,6.0,1,8,2,5,5,9,0,0,0,0,0,0,65,1,4,7.0,0,2,6,8,2,6,0,0,0,0,0,0,82,1,4,6.0,1,6,7,3,4,3,0,0,0,0,0,0
184,6,53,3,0,3,3.5,1,0,7,8,3,0,0,0,0,0,0,0,24,0,3,5.5,0,10,8,4,1,0,0,0,0,0,0,0,22,1,3,5.5,0,2,5,5,9,0,0,0,0,0,0,0,59,1,3,6.5,0,6,8,2,6,0,0,0,0,0,0,0,75,1,3,5.5,0,7,3,4,3,0,0,0,0,0,0,0
184,7,50,0,0,2,3.0,0,0,8,3,0,0,0,0,0,0,0,0,16,0,2,5.0,0,8,4,1,0,0,0,0,0,0,0,0,17,0,2,5.0,0,5,5,9,0,0,0,0,0,0,0,0,51,1,2,6.0,0,8,2,6,0,0,0,0,0,0,0,0,75,1,2,4.5,1,3,4,3,0,0,0,0,0,0,0,0
184,8,33,0,0,1,2.0,1,0,3,0,0,0,0,0,0,0,0,0,12,1,1,4.5,0,4,1,0,0,0,0,0,0,0,0,0,17,0,1,4.0,1,0,9,0,0,0,0,0,0,0,0,0,49,1,1,5.5,0,2,6,0,0,0,0,0,0,0,0,0,75,1,1,3.5,1,4,3,0,0,0,0,0,0,0,0,0
184,9,29,0,0,0,1.5,0,0,0,0,0,0,0,0,0,0,0,0,12,1,0,3.5,1,1,0,0,0,0,0,0,0,0,0,0,8,0,0,3.5,0,9,0,0,0,0,0,0,0,0,0,0,43,1,0,5.0,0,6,0,0,0,0,0,0,0,0,0,0,75,1,0,2.5,1,3,0,0,0,0,0,0,0,0,0,0
185,0,91,10,0,9,9.0,1,0,9,10,6,6,1,7,5,9,1,0,46,1,9,9.5,0,4,6,10,3,5,10,1,8,2,4,0,49,0,9,9.5,0,1,7,10,8,8,5,4,9,10,6,0,98,1,9,9.5,0,2,10,3,2,10,8,9,9,1,6,0,99,1,9,9.5,0,1,2,2,10,7,4,6,7,7,5,0
185,1,80,10,1,8,8.0,1,0,10,6,6,1,7,5,9,1,0,0,40,1,8,9.0,0,6,10,3,5,10,1,8,2,4,0,0,42,0,8,9.0,0,7,10,8,8,5,4,9,10,6,0,0,88,1,8,9.0,0,10,3,2,10,8,9,9,1,6,0,0,99,1,8,8.5,1,2,2,10,7,4,6,7,7,5,0,0
185,2,67,10,1,7,7.0,1,10,6,6,1,7,5,9,1,0,0,0,30,0,7,8.5,0,10,3,5,10,1,8,2,4,0,0,0,32,0,7,8.5,0,10,8,8,5,4,9,10,6,0,0,0,88,1,7,8.0,1,3,2,10,8,9,9,1,6,0,0,0,97,1,7,8.0,0,2,10,7,4,6,7,7,5,0,0,0
185,3,59,10,1,6,6.0,1,6,6,1,7,5,9,1,0,0,0,0,27,0,6,8.0,0,3,5,10,1,8,2,4,0,0,0,0,24,1,6,8.0,0,8,8,5,4,9,10,6,0,0,0,0,88,1,6,7.0,1,2,10,8,9,9,1,6,0,0,0,0,87,0,6,7.5,0,10,7,4,6,7,7,5,0,0,0,0
185,4,42,4,1,5,5.5,0,6,1,7,5,9,1,0,0,0,0,0,22,0,5,7.5,0,5,10,1,8,2,4,0,0,0,0,0,16,1,5,7.5,0,8,5,4,9,10,6,0,0,0,0,0,88,1,5,6.0,1,10,8,9,9,1,6,0,0,0,0,0,87,0,5,6.5,1,0,4,6,7,7,5,0,0,0,0,0
185,5,26,4,1,4,4.5,1,1,7,5,9,1,0,0,0,0,0,0,22,1,4,6.5,1,0,1,8,2,4,0,0,0,0,0,0,16,1,4,6.5,1,5,4,9,10,6,0,0,0,0,0,0,80,1,4,5.5,0,8,9,9,1,6,0,0,0,0,0,0,83,0,4,6.0,0,4,6,7,7,5,0,0,0,0,0,0
185,6,19,4,1,3,3.5,1,0,5,9,1,0,0,0,0,0,0,0,21,1,3,6.0,0,1,8,2,4,0,0,0,0,0,0,0,12,1,3,6.0,0,4,9,10,6,0,0,0,0,0,0,0,71,0,3,5.0,0,9,9,1,6,0,0,0,0,0,0,0,77,0,3,5.5,0,6,7,7,5,0,0,0,0,0,0,0
185,7,14,4,1,2,2.5,1,0,9,1,0,0,0,0,0,0,0,0,13,1,2,5.5,0,8,2,4,0,0,0,0,0,0,0,0,3,1,2,5.5,0,9,10,6,0,0,0,0,0,0,0,0,62,0,2,4.5,0,9,1,6,0,0,0,0,0,0,0,0,70,0,2,5.0,0,7,7,5,0,0,0,0,0,0,0,0
185,8,0,4,1,1,1.5,1,0,1,0,0,0,0,0,0,0,0,0,11,1,1,5.0,0,2,4,0,0,0,0,0,0,0,0,0,3,1,1,4.5,1,0,6,0,0,0,0,0,0,0,0,0,61,0,1,4.0,0,1,6,0,0,0,0,0,0,0,0,0,63,0,1,4.5,0,7,5,0,0,0,0,0,0,0,0,0
185,9,0,4,1,0,0.5,1,0,0,0,0,0,0,0,0,0,0,0,11,1,0,4.0,1,0,0,0,0,0,0,0,0,0,0,0,0,1,0,4.0,0,0,0,0,0,0,0,0,0,0,0,0,55,0,0,3.5,0,6,0,0,0,0,0,0,0,0,0,0,63,0,0,3.5,1,0,0,0,0,0,0,0,0,0,0,0
186,0,92,10,1,9,9.0,1,3,9,9,8,6,7,4,2,3,1,0,50,1,9,9.0,1,5,9,7,10,6,9,9,6,10,8,0,43,1,9,9.5,0,7,3,1,7,6,10,4,4,3,4,0,96,0,9,9.5,0,4,2,4,5,3,7,4,5,8,1,0,96,1,9,9.5,0,4,1,10,10,3,9,1,8,1,6,0
186,1,83,10,1,8,8.0,1,9,9,8,6,7,4,2,3,1,0,0,41,1,8,8.5,0,9,7,10,6,9,9,6,10,8,0,0,40,1,8,9.0,0,3,1,7,6,10,4,4,3,4,0,0,94,0,8,9.0,0,2,4,5,3,7,4,5,8,1,0,0,95,1,8,9.0,0,1,10,10,3,9,1,8,1,6,0,0
186,2,64,10,1,7,7.0,1,9,8,6,7,4,2,3,1,0,0,0,34,1,7,8.0,0,7,10,6,9,9,6,10,8,0,0,0,39,1,7,8.5,0,1,7,6,10,4,4,3,4,0,0,0,90,0,7,8.5,0,4,5,3,7,4,5,8,1,0,0,0,95,1,7,8.0,1,10,10,3,9,1,8,1,6,0,0,0
186,3,49,10,1,6,6.0,1,8,6,7,4,2,3,1,0,0,0,0,24,0,6,7.5,0,10,6,9,9,6,10,8,0,0,0,0,39,1,6,7.5,1,7,6,10,4,4,3,4,0,0,0,0,85,0,6,8.0,0,5,3,7,4,5,8,1,0,0,0,0,85,1,6,7.5,0,10,3,9,1,8,1,6,0,0,0,0
186,4,37,10,1,5,5.0,1,6,7,4,2,3,1,0,0,0,0,0,24,0,5,6.5,1,0,9,9,6,10,8,0,0,0,0,0,33,0,5,7.0,0,6,10,4,4,3,4,0,0,0,0,0,82,0,5,7.5,0,3,7,4,5,8,1,0,0,0,0,0,82,0,5,7.0,0,3,9,1,8,1,6,0,0,0,0,0
186,5,11,10,1,4,4.0,1,7,4,2,3,1,0,0,0,0,0,0,24,0,4,5.5,1,0,9,6,10,8,0,0,0,0,0,0,33,0,4,6.0,1,0,4,4,3,4,0,0,0,0,0,0,75,0,4,7.0,0,7,4,5,8,1,0,0,0,0,0,0,73,0,4,6.5,0,9,1,8,1,6,0,0,0,0,0,0
186,6,0,10,1,3,3.0,1,4,2,3,1,0,0,0,0,0,0,0,24,0,3,4.5,1,0,6,10,8,0,0,0,0,0,0,0,33,0,3,5.0,1,0,4,3,4,0,0,0,0,0,0,0,71,0,3,6.5,0,4,5,8,1,0,0,0,0,0,0,0,73,0,3,5.5,1,0,8,1,6,0,0,0,0,0,0,0
186,7,0,10,1,2,2.0,1,0,3,1,0,0,0,0,0,0,0,0,18,0,2,4.0,0,6,10,8,0,0,0,0,0,0,0,0,29,0,2,4.5,0,4,3,4,0,0,0,0,0,0,0,0,66,0,2,6.0,0,5,8,1,0,0,0,0,0,0,0,0,65,0,2,5.0,0,8,1,6,0,0,0,0,0,0,0,0
186,8,0,10,1,1,1.0,1,0,1,0,0,0,0,0,0,0,0,0,8,1,1,3.5,0,10,8,0,0,0,0,0,0,0,0,0,26,0,1,4.0,0,3,4,0,0,0,0,0,0,0,0,0,58,0,1,5.5,0,8,1,0,0,0,0,0,0,0,0,0,64,0,1,4.5,0,1,6,0,0,0,0,0,0,0,0,0
186,9,0,10,1,0,0.0,1,0,0,0,0,0,0,0,0,0,0,0,8,1,0,2.5,1,0,0,0,0,0,0,0,0,0,0,0,22,0,0,3.5,0,4,0,0,0,0,0,0,0,0,0,0,57,0,0,5.0,0,1,0,0,0,0,0,0,0,0,0,0,58,0,0,4.0,0,6,0,0,0,0,0,0,0,0,0,0
187,0,100,4,1,9,9.5,0,6,6,4,2,4,10,5,1,5,10,0,41,0,9,9.5,0,9,3,10,7,1,4,8,9,9,6,0,43,0,9,9.5,0,7,9,10,1,1,4,4,4,7,10,0,99,0,9,9.5,0,1,5,10,7,5,4,5,4,10,6,0,93,1,9,9.5,0,7,2,1,5,4,2,7,2,8,4,0
187,1,89,0,1,8,9.0,0,0,4,2,4,10,5,1,5,10,0,0,38,0,8,9.0,0,3,10,7,1,4,8,9,9,6,0,0,43,0,8,8.5,1,0,10,1,1,4,4,4,7,10,0,0,94,0,8,9.0,0,5,10,7,5,4,5,4,10,6,0,0,93,1,8,8.5,1,2,1,5,4,2,7,2,8,4,0,0
187,2,78,0,1,7,8.5,0,0,2,4,10,5,1,5,10,0,0,0,28,0,7,8.5,0,10,7,1,4,8,9,9,6,0,0,0,33,0,7,8.0,0,10,1,1,4,4,4,7,10,0,0,0,94,0,7,8.0,1,0,7,5,4,5,4,10,6,0,0,0,93,1,7,7.5,1,1,5,4,2,7,2,8,4,0,0,0
187,3,70,0,1,6,7.5,1,0,4,10,5,1,5,10,0,0,0,0,21,0,6,8.0,0,7,1,4,8,9,9,6,0,0,0,0,33,0,6,7.0,1,0,1,4,4,4,7,10,0,0,0,0,87,0,6,7.5,0,7,5,4,5,4,10,6,0,0,0,0,93,1,6,6.5,1,5,4,2,7,2,8,4,0,0,0,0
187,4,65,0,1,5,6.5,1,0,10,5,1,5,10,0,0,0,0,0,20,0,5,7.5,0,1,4,8,9,9,6,0,0,0,0,0,33,0,5,6.0,1,0,4,4,4,7,10,0,0,0,0,0,82,0,5,7.0,0,5,4,5,4,10,6,0,0,0,0,0,89,1,5,6.0,0,4,2,7,2,8,4,0,0,0,0,0
187,5,65,0,1,4,6.0,0,0,5,1,5,10,0,0,0,0,0,0,16,0,4,7.0,0,4,8,9,9,6,0,0,0,0,0,0,29,0,4,5.5,0,4,4,4,7,10,0,0,0,0,0,0,78,1,4,6.5,0,4,5,4,10,6,0,0,0,0,0,0,87,1,4,5.5,0,2,7,2,8,4,0,0,0,0,0,0
187,6,55,0,1,3,5.0,1,0,1,5,10,0,0,0,0,0,0,0,8,0,3,6.5,0,8,9,9,6,0,0,0,0,0,0,0,25,0,3,5.0,0,4,4,7,10,0,0,0,0,0,0,0,78,1,3,5.5,1,5,4,10,6,0,0,0,0,0,0,0,80,1,3,5.0,0,7,2,8,4,0,0,0,0,0,0,0
187,7,54,0,1,2,4.0,1,0,5,10,0,0,0,0,0,0,0,0,0,0,2,6.0,0,0,9,6,0,0,0,0,0,0,0,0,21,1,2,4.5,0,4,7,10,0,0,0,0,0,0,0,0,74,0,2,5.0,0,4,10,6,0,0,0,0,0,0,0,0,78,1,2,4.5,0,2,8,4,0,0,0,0,0,0,0,0
187,8,42,0,1,1,3.0,1,0,10,0,0,0,0,0,0,0,0,0,0,1,1,5.5,0,0,6,0,0,0,0,0,0,0,0,0,21,0,1,3.5,1,7,10,0,0,0,0,0,0,0,0,0,64,0,1,4.5,0,10,6,0,0,0,0,0,0,0,0,0,70,1,1,4.0,0,8,4,0,0,0,0,0,0,0,0,0
187,9,26,0,1,0,2.0,1,0,0,0,0,0,0,0,0,0,0,0,0,1,0,4.5,1,0,0,0,0,0,0,0,0,0,0,0,11,0,0,3.0,0,10,0,0,0,0,0,0,0,0,0,0,58,0,0,4.0,0,6,0,0,0,0,0,0,0,0,0,0,66,1,0,3.5,0,4,0,0,0,0,0,0,0,0,0,0
188,0,99,7,0,9,9.5,0,3,2,8,7,6,8,9,1,7,1,0,46,0,9,9.5,0,4,9,2,6,2,4,2,4,5,7,0,50,0,9,9.0,1,0,9,1,2,3,8,10,8,3,3,0,98,1,9,9.5,0,2,6,2,8,4,10,9,8,6,7,0,95,1,9,9.5,0,5,7,4,2,4,7,6,3,8,3,0
188,1,97,7,0,8,8.5,1,0,8,7,6,8,9,1,7,1,0,0,37,0,8,9.0,0,9,2,6,2,4,2,4,5,7,0,0,41,0,8,8.5,0,9,1,2,3,8,10,8,3,3,0,0,92,1,8,9.0,0,6,2,8,4,10,9,8,6,7,0,0,88,1,8,9.0,0,7,4,2,4,7,6,3,8,3,0,0
188,2,87,7,0,7,7.5,1,0,7,6,8,9,1,7,1,0,0,0,35,0,7,8.5,0,2,6,2,4,2,4,5,7,0,0,0,40,0,7,8.0,0,1,2,3,8,10,8,3,3,0,0,0,92,1,7,8.0,1,2,8,4,10,9,8,6,7,0,0,0,84,1,7,8.5,0,4,2,4,7,6,3,8,3,0,0,0
188,3,80,7,0,6,6.5,1,0,6,8,9,1,7,1,0,0,0,0,29,0,6,8.0,0,6,2,4,2,4,5,7,0,0,0,0,38,0,6,7.5,0,2,3,8,10,8,3,3,0,0,0,0,84,1,6,7.5,0,8,4,10,9,8,6,7,0,0,0,0,82,1,6,8.0,0,2,4,7,6,3,8,3,0,0,0,0
188,4,70,7,0,5,5.5,1,0,8,9,1,7,1,0,0,0,0,0,27,0,5,7.5,0,2,4,2,4,5,7,0,0,0,0,0,35,0,5,7.0,0,3,8,10,8,3,3,0,0,0,0,0,80,0,5,7.0,0,4,10,9,8,6,7,0,0,0,0,0,82,1,5,7.0,1,4,7,6,3,8,3,0,0,0,0,0
188,5,56,0,1,4,5.0,0,0,9,1,7,1,0,0,0,0,0,0,27,1,4,6.5,1,0,2,4,5,7,0,0,0,0,0,0,27,0,4,6.5,0,8,10,8,3,3,0,0,0,0,0,0,80,0,4,6.0,1,0,9,8,6,7,0,0,0,0,0,0,75,0,4,6.5,0,7,6,3,8,3,0,0,0,0,0,0
188,6,37,0,1,3,4.0,1,0,1,7,1,0,0,0,0,0,0,0,25,1,3,6.0,0,2,4,5,7,0,0,0,0,0,0,0,27,0,3,5.5,1,0,8,3,3,0,0,0,0,0,0,0,71,0,3,5.5,0,9,8,6,7,0,0,0,0,0,0,0,69,0,3,6.0,0,6,3,8,3,0,0,0,0,0,0,0
188,7,36,0,1,2,3.0,1,0,7,1,0,0,0,0,0,0,0,0,21,1,2,5.5,0,4,5,7,0,0,0,0,0,0,0,0,19,0,2,5.0,0,8,3,3,0,0,0,0,0,0,0,0,63,0,2,5.0,0,8,6,7,0,0,0,0,0,0,0,0,66,0,2,5.5,0,3,8,3,0,0,0,0,0,0,0,0
188,8,24,0,1,1,2.0,1,0,1,0,0,0,0,0,0,0,0,0,21,1,1,4.5,1,5,7,0,0,0,0,0,0,0,0,0,16,0,1,4.5,0,3,3,0,0,0,0,0,0,0,0,0,57,0,1,4.5,0,6,7,0,0,0,0,0,0,0,0,0,58,0,1,5.0,0,8,3,0,0,0,0,0,0,0,0,0
188,9,16,0,1,0,1.0,1,0,0,0,0,0,0,0,0,0,0,0,21,1,0,3.5,1,7,0,0,0,0,0,0,0,0,0,0,13,0,0,4.0,0,3,0,0,0,0,0,0,0,0,0,0,50,0,0,4.0,0,7,0,0,0,0,0,0,0,0,0,0,55,0,0,4.5,0,3,0,0,0,0,0,0,0,0,0,0
189,0,76,10,0,9,9.0,1,0,10,3,3,1,10,4,9,3,2,0,50,0,9,9.0,1,0,2,5,6,1,9,4,1,8,3,0,49,1,9,9.5,0,1,9,9,6,9,4,1,3,2,2,0,100,1,9,9.0,1,7,9,3,5,5,9,6,10,6,3,0,95,1,9,9.5,0,5,8,2,7,9,1,7,6,2,3,0
189,1,66,10,0,8,8.0,1,0,3,3,1,10,4,9,3,2,0,0,48,0,8,8.5,0,2,5,6,1,9,4,1,8,3,0,0,40,1,8,9.0,0,9,9,6,9,4,1,3,2,2,0,0,91,1,8,8.5,0,9,3,5,5,9,6,10,6,3,0,0,87,1,8,9.0,0,8,2,7,9,1,7,6,2,3,0,0
189,2,60,10,0,7,7.0,1,0,3,1,10,4,9,3,2,0,0,0,43,1,7,8.0,0,5,6,1,9,4,1,8,3,0,0,0,31,1,7,8.5,0,9,6,9,4,1,3,2,2,0,0,0,91,0,7,7.5,1,3,5,5,9,6,10,6,3,0,0,0,85,1,7,8.5,0,2,7,9,1,7,6,2,3,0,0,0
189,3,57,10,0,6,6.0,1,0,1,10,4,9,3,2,0,0,0,0,37,0,6,7.5,0,6,1,9,4,1,8,3,0,0,0,0,25,1,6,8.0,0,6,9,4,1,3,2,2,0,0,0,0,86,0,6,7.0,0,5,5,9,6,10,6,3,0,0,0,0,78,1,6,8.0,0,7,9,1,7,6,2,3,0,0,0,0
189,4,47,10,0,5,5.0,1,0,10,4,9,3,2,0,0,0,0,0,36,0,5,7.0,0,1,9,4,1,8,3,0,0,0,0,0,25,1,5,7.0,1,9,4,1,3,2,2,0,0,0,0,0,81,0,5,6.5,0,5,9,6,10,6,3,0,0,0,0,0,69,1,5,7.5,0,9,1,7,6,2,3,0,0,0,0,0
189,5,37,10,0,4,4.0,1,0,4,9,3,2,0,0,0,0,0,0,27,0,4,6.5,0,9,4,1,8,3,0,0,0,0,0,0,21,1,4,6.5,0,4,1,3,2,2,0,0,0,0,0,0,72,0,4,6.0,0,9,6,10,6,3,0,0,0,0,0,0,68,1,4,7.0,0,1,7,6,2,3,0,0,0,0,0,0
189,6,33,10,0,3,3.0,1,0,9,3,2,0,0,0,0,0,0,0,23,1,3,6.0,0,4,1,8,3,0,0,0,0,0,0,0,20,1,3,6.0,0,1,3,2,2,0,0,0,0,0,0,0,66,0,3,5.5,0,6,10,6,3,0,0,0,0,0,0,0,61,1,3,6.5,0,7,6,2,3,0,0,0,0,0,0,0
189,7,23,10,0,2,2.0,1,0,3,2,0,0,0,0,0,0,0,0,23,1,2,5.0,1,1,8,3,0,0,0,0,0,0,0,0,17,1,2,5.5,0,3,2,2,0,0,0,0,0,0,0,0,56,0,2,5.0,0,10,6,3,0,0,0,0,0,0,0,0,55,1,2,6.0,0,6,2,3,0,0,0,0,0,0,0,0
189,8,12,10,0,1,1.0,1,0,2,0,0,0,0,0,0,0,0,0,23,1,1,4.0,1,8,3,0,0,0,0,0,0,0,0,0,15,1,1,5.0,0,2,2,0,0,0,0,0,0,0,0,0,50,0,1,4.5,0,6,3,0,0,0,0,0,0,0,0,0,53,1,1,5.5,0,2,3,0,0,0,0,0,0,0,0,0
189,9,12,8,0,0,0.5,0,2,0,0,0,0,0,0,0,0,0,0,20,1,0,3.5,0,3,0,0,0,0,0,0,0,0,0,0,13,0,0,4.5,0,2,0,0,0,0,0,0,0,0,0,0,47,1,0,4.0,0,3,0,0,0,0,0,0,0,0,0,0,50,1,0,5.0,0,3,0,0,0,0,0,0,0,0,0,0
190,0,90,10,1,9,9.0,1,6,6,7,4,7,5,1,2,3,4,0,44,1,9,9.5,0,6,3,3,6,2,9,5,9,2,4,0,50,0,9,9.0,1,0,10,2,9,5,5,8,3,10,1,0,95,0,9,9.5,0,5,10,2,3,9,7,9,9,8,6,0,90,1,9,9.5,0,10,5,10,7,10,6,4,5,8,10,0
190,1,69,10,1,8,8.0,1,6,7,4,7,5,1,2,3,4,0,0,41,1,8,9.0,0,3,3,6,2,9,5,9,2,4,0,0,50,0,8,8.0,1,0,2,9,5,5,8,3,10,1,0,0,85,0,8,9.0,0,10,2,3,9,7,9,9,8,6,0,0,90,1,8,8.5,1,5,10,7,10,6,4,5,8,10,0,0
190,2,69,3,1,7,7.5,0,7,4,7,5,1,2,3,4,0,0,0,38,1,7,8.5,0,3,6,2,9,5,9,2,4,0,0,0,48,0,7,7.5,0,2,9,5,5,8,3,10,1,0,0,0,83,1,7,8.5,0,2,3,9,7,9,9,8,6,0,0,0,80,1,7,8.0,0,10,7,10,6,4,5,8,10,0,0,0
190,3,65,3,1,6,6.5,1,0,7,5,1,2,3,4,0,0,0,0,32,0,6,8.0,0,6,2,9,5,9,2,4,0,0,0,0,39,0,6,7.0,0,9,5,5,8,3,10,1,0,0,0,0,80,1,6,8.0,0,3,9,7,9,9,8,6,0,0,0,0,73,1,6,7.5,0,7,10,6,4,5,8,10,0,0,0,0
190,4,58,3,0,5,5.5,1,0,5,1,2,3,4,0,0,0,0,0,30,0,5,7.5,0,2,9,5,9,2,4,0,0,0,0,0,34,0,5,6.5,0,5,5,8,3,10,1,0,0,0,0,0,71,1,5,7.5,0,9,7,9,9,8,6,0,0,0,0,0,63,1,5,7.0,0,10,6,4,5,8,10,0,0,0,0,0
190,5,53,3,0,4,4.5,1,0,1,2,3,4,0,0,0,0,0,0,21,0,4,7.0,0,9,5,9,2,4,0,0,0,0,0,0,29,0,4,6.0,0,5,8,3,10,1,0,0,0,0,0,0,64,1,4,7.0,0,7,9,9,8,6,0,0,0,0,0,0,57,0,4,6.5,0,6,4,5,8,10,0,0,0,0,0,0
190,6,43,3,0,3,3.5,1,0,2,3,4,0,0,0,0,0,0,0,16,0,3,6.5,0,5,9,2,4,0,0,0,0,0,0,0,21,0,3,5.5,0,8,3,10,1,0,0,0,0,0,0,0,64,1,3,6.0,1,9,9,8,6,0,0,0,0,0,0,0,53,1,3,6.0,0,4,5,8,10,0,0,0,0,0,0,0
190,7,43,1,0,2,3.0,0,2,3,4,0,0,0,0,0,0,0,0,7,0,2,6.0,0,9,2,4,0,0,0,0,0,0,0,0,18,0,2,5.0,0,3,10,1,0,0,0,0,0,0,0,0,55,1,2,5.5,0,9,8,6,0,0,0,0,0,0,0,0,48,1,2,5.5,0,5,8,10,0,0,0,0,0,0,0,0
190,8,41,0,0,1,2.5,0,0,4,0,0,0,0,0,0,0,0,0,7,0,1,5.0,1,0,4,0,0,0,0,0,0,0,0,0,8,0,1,4.5,0,10,1,0,0,0,0,0,0,0,0,0,47,1,1,5.0,0,8,6,0,0,0,0,0,0,0,0,0,40,1,1,5.0,0,8,10,0,0,0,0,0,0,0,0,0
190,9,36,0,0,0,2.0,0,0,0,0,0,0,0,0,0,0,0,0,7,0,0,4.0,1,0,0,0,0,0,0,0,0,0,0,0,8,0,0,3.5,1,0,0,0,0,0,0,0,0,0,0,0,41,0,0,4.5,0,6,0,0,0,0,0,0,0,0,0,0,30,1,0,4.5,0,10,0,0,0,0,0,0,0,0,0,0
191,0,89,10,1,9,9.0,1,2,4,10,4,6,3,7,8,7,3,0,50,1,9,9.0,1,0,7,5,9,7,8,7,7,8,9,0,50,0,9,9.0,1,2,5,10,2,8,4,5,5,5,10,0,94,1,9,9.5,0,6,4,5,10,9,3,8,1,1,1,0,100,1,9,9.0,1,0,7,1,4,6,5,2,7,4,7,0
191,1,71,10,1,8,8.0,1,4,10,4,6,3,7,8,7,3,0,0,50,1,8,8.0,1,7,5,9,7,8,7,7,8,9,0,0,45,0,8,8.5,0,5,10,2,8,4,5,5,5,10,0,0,90,0,8,9.0,0,4,5,10,9,3,8,1,1,1,0,0,100,1,8,8.0,1,7,1,4,6,5,2,7,4,7,0,0
191,2,55,10,1,7,7.0,1,10,4,6,3,7,8,7,3,0,0,0,50,1,7,7.0,1,5,9,7,8,7,7,8,9,0,0,0,35,0,7,8.0,0,10,2,8,4,5,5,5,10,0,0,0,85,1,7,8.5,0,5,10,9,3,8,1,1,1,0,0,0,100,1,7,7.0,1,1,4,6,5,2,7,4,7,0,0,0
191,3,51,10,1,6,6.0,1,4,6,3,7,8,7,3,0,0,0,0,41,1,6,6.5,0,9,7,8,7,7,8,9,0,0,0,0,33,0,6,7.5,0,2,8,4,5,5,5,10,0,0,0,0,75,1,6,8.0,0,10,9,3,8,1,1,1,0,0,0,0,96,1,6,6.5,0,4,6,5,2,7,4,7,0,0,0,0
191,4,45,10,1,5,5.0,1,6,3,7,8,7,3,0,0,0,0,0,34,1,5,6.0,0,7,8,7,7,8,9,0,0,0,0,0,25,1,5,7.0,0,8,4,5,5,5,10,0,0,0,0,0,66,0,5,7.5,0,9,3,8,1,1,1,0,0,0,0,0,90,1,5,6.0,0,6,5,2,7,4,7,0,0,0,0,0
191,5,31,10,1,4,4.0,1,3,7,8,7,3,0,0,0,0,0,0,34,1,4,5.0,1,8,7,7,8,9,0,0,0,0,0,0,21,1,4,6.5,0,4,5,5,5,10,0,0,0,0,0,0,66,0,4,6.5,1,0,8,1,1,1,0,0,0,0,0,0,85,1,4,5.5,0,5,2,7,4,7,0,0,0,0,0,0
191,6,24,10,1,3,3.0,1,7,8,7,3,0,0,0,0,0,0,0,27,0,3,4.5,0,7,7,8,9,0,0,0,0,0,0,0,16,1,3,6.0,0,5,5,5,10,0,0,0,0,0,0,0,58,0,3,6.0,0,8,1,1,1,0,0,0,0,0,0,0,83,1,3,5.0,0,2,7,4,7,0,0,0,0,0,0,0
191,7,16,10,1,2,2.0,1,8,7,3,0,0,0,0,0,0,0,0,20,0,2,4.0,0,7,8,9,0,0,0,0,0,0,0,0,11,1,2,5.5,0,5,5,10,0,0,0,0,0,0,0,0,57,0,2,5.5,0,1,1,1,0,0,0,0,0,0,0,0,76,1,2,4.5,0,7,4,7,0,0,0,0,0,0,0,0
191,8,8,10,1,1,1.0,1,7,3,0,0,0,0,0,0,0,0,0,12,0,1,3.5,0,8,9,0,0,0,0,0,0,0,0,0,6,1,1,5.0,0,5,10,0,0,0,0,0,0,0,0,0,57,0,1,4.5,1,0,1,0,0,0,0,0,0,0,0,0,72,1,1,4.0,0,4,7,0,0,0,0,0,0,0,0,0
191,9,5,10,1,0,0.0,1,3,0,0,0,0,0,0,0,0,0,0,3,1,0,3.0,0,9,0,0,0,0,0,0,0,0,0,0,0,0,0,4.5,0,0,0,0,0,0,0,0,0,0,0,0,56,0,0,4.0,0,1,0,0,0,0,0,0,0,0,0,0,65,1,0,3.5,0,7,0,0,0,0,0,0,0,0,0,0
192,0,96,5,1,9,9.5,0,5,5,4,10,1,10,6,3,1,8,0,44,0,9,9.5,0,6,3,4,6,6,4,4,9,4,2,0,50,1,9,9.0,1,3,7,8,2,10,4,4,9,5,7,0,95,0,9,9.5,0,5,8,1,5,2,9,1,9,1,5,0,100,0,9,9.0,1,0,10,6,1,2,8,4,6,1,10,0
192,1,81,5,1,8,8.5,1,5,4,10,1,10,6,3,1,8,0,0,41,0,8,9.0,0,3,4,6,6,4,4,9,4,2,0,0,43,1,8,8.5,0,7,8,2,10,4,4,9,5,7,0,0,87,0,8,9.0,0,8,1,5,2,9,1,9,1,5,0,0,100,1,8,8.0,1,0,6,1,2,8,4,6,1,10,0,0
192,2,73,1,1,7,8.0,0,4,10,1,10,6,3,1,8,0,0,0,37,1,7,8.5,0,4,6,6,4,4,9,4,2,0,0,0,43,0,7,7.5,1,8,2,10,4,4,9,5,7,0,0,0,86,0,7,8.5,0,1,5,2,9,1,9,1,5,0,0,0,94,0,7,7.5,0,6,1,2,8,4,6,1,10,0,0,0
192,3,72,0,1,6,7.5,0,0,1,10,6,3,1,8,0,0,0,0,31,1,6,8.0,0,6,6,4,4,9,4,2,0,0,0,0,41,0,6,7.0,0,2,10,4,4,9,5,7,0,0,0,0,81,0,6,8.0,0,5,2,9,1,9,1,5,0,0,0,0,94,0,6,6.5,1,0,2,8,4,6,1,10,0,0,0,0
192,4,71,0,1,5,6.5,1,0,10,6,3,1,8,0,0,0,0,0,25,1,5,7.5,0,6,4,4,9,4,2,0,0,0,0,0,31,0,5,6.5,0,10,4,4,9,5,7,0,0,0,0,0,79,0,5,7.5,0,2,9,1,9,1,5,0,0,0,0,0,92,0,5,6.0,0,2,8,4,6,1,10,0,0,0,0,0
192,5,61,0,1,4,5.5,1,0,6,3,1,8,0,0,0,0,0,0,21,1,4,7.0,0,4,4,9,4,2,0,0,0,0,0,0,27,0,4,6.0,0,4,4,9,5,7,0,0,0,0,0,0,70,0,4,7.0,0,9,1,9,1,5,0,0,0,0,0,0,84,0,4,5.5,0,8,4,6,1,10,0,0,0,0,0,0
192,6,47,0,1,3,4.5,1,0,3,1,8,0,0,0,0,0,0,0,17,1,3,6.5,0,4,9,4,2,0,0,0,0,0,0,0,27,0,3,5.0,1,0,9,5,7,0,0,0,0,0,0,0,69,0,3,6.5,0,1,9,1,5,0,0,0,0,0,0,0,84,1,3,4.5,1,0,6,1,10,0,0,0,0,0,0,0
192,7,44,0,1,2,3.5,1,0,1,8,0,0,0,0,0,0,0,0,8,1,2,6.0,0,9,4,2,0,0,0,0,0,0,0,0,18,0,2,4.5,0,9,5,7,0,0,0,0,0,0,0,0,60,0,2,6.0,0,9,1,5,0,0,0,0,0,0,0,0,78,1,2,4.0,0,6,1,10,0,0,0,0,0,0,0,0
192,8,43,0,1,1,2.5,1,0,8,0,0,0,0,0,0,0,0,0,4,1,1,5.5,0,4,2,0,0,0,0,0,0,0,0,0,13,0,1,4.0,0,5,7,0,0,0,0,0,0,0,0,0,59,0,1,5.5,0,1,5,0,0,0,0,0,0,0,0,0,77,1,1,3.5,0,1,10,0,0,0,0,0,0,0,0,0
192,9,28,0,1,0,1.5,1,0,0,0,0,0,0,0,0,0,0,0,4,1,0,4.5,1,2,0,0,0,0,0,0,0,0,0,0,6,1,0,3.5,0,7,0,0,0,0,0,0,0,0,0,0,59,0,0,4.5,1,0,0,0,0,0,0,0,0,0,0,0,67,1,0,3.0,0,10,0,0,0,0,0,0,0,0,0,0
193,0,93,10,0,9,9.0,1,0,4,9,2,9,3,7,5,9,1,0,44,0,9,9.5,0,6,6,3,4,4,2,4,5,10,8,0,40,0,9,9.5,0,10,3,6,1,7,10,1,4,5,7,0,97,1,9,9.5,0,3,5,10,2,2,1,3,6,7,1,0,100,0,9,9.0,1,0,1,3,10,8,7,3,6,2,7,0
193,1,82,10,0,8,8.0,1,0,9,2,9,3,7,5,9,1,0,0,44,0,8,8.5,1,0,3,4,4,2,4,5,10,8,0,0,37,0,8,9.0,0,3,6,1,7,10,1,4,5,7,0,0,92,1,8,9.0,0,5,10,2,2,1,3,6,7,1,0,0,100,0,8,8.0,1,0,3,10,8,7,3,6,2,7,0,0
193,2,73,10,0,7,7.0,1,0,2,9,3,7,5,9,1,0,0,0,41,0,7,8.0,0,3,4,4,2,4,5,10,8,0,0,0,31,0,7,8.5,0,6,1,7,10,1,4,5,7,0,0,0,82,1,7,8.5,0,10,2,2,1,3,6,7,1,0,0,0,97,0,7,7.5,0,3,10,8,7,3,6,2,7,0,0,0
193,3,67,10,1,6,6.0,1,0,9,3,7,5,9,1,0,0,0,0,41,0,6,7.0,1,0,4,2,4,5,10,8,0,0,0,0,30,0,6,8.0,0,1,7,10,1,4,5,7,0,0,0,0,80,0,6,8.0,0,2,2,1,3,6,7,1,0,0,0,0,87,0,6,7.0,0,10,8,7,3,6,2,7,0,0,0,0
193,4,67,1,1,5,5.5,0,9,3,7,5,9,1,0,0,0,0,0,37,0,5,6.5,0,4,2,4,5,10,8,0,0,0,0,0,23,0,5,7.5,0,7,10,1,4,5,7,0,0,0,0,0,78,0,5,7.5,0,2,1,3,6,7,1,0,0,0,0,0,79,0,5,6.5,0,8,7,3,6,2,7,0,0,0,0,0
193,5,64,1,1,4,4.5,1,0,7,5,9,1,0,0,0,0,0,0,35,0,4,6.0,0,2,4,5,10,8,0,0,0,0,0,0,13,0,4,7.0,0,10,1,4,5,7,0,0,0,0,0,0,77,1,4,7.0,0,1,3,6,7,1,0,0,0,0,0,0,72,1,4,6.0,0,7,3,6,2,7,0,0,0,0,0,0
193,6,56,1,1,3,3.5,1,0,5,9,1,0,0,0,0,0,0,0,31,0,3,5.5,0,4,5,10,8,0,0,0,0,0,0,0,13,0,3,6.0,1,0,4,5,7,0,0,0,0,0,0,0,74,0,3,6.5,0,3,6,7,1,0,0,0,0,0,0,0,69,1,3,5.5,0,3,6,2,7,0,0,0,0,0,0,0
193,7,45,1,1,2,2.5,1,0,9,1,0,0,0,0,0,0,0,0,26,0,2,5.0,0,5,10,8,0,0,0,0,0,0,0,0,9,0,2,5.5,0,4,5,7,0,0,0,0,0,0,0,0,68,0,2,6.0,0,6,7,1,0,0,0,0,0,0,0,0,69,0,2,4.5,1,6,2,7,0,0,0,0,0,0,0,0
193,8,19,1,1,1,1.5,1,0,1,0,0,0,0,0,0,0,0,0,26,0,1,4.0,1,0,8,0,0,0,0,0,0,0,0,0,4,0,1,5.0,0,5,7,0,0,0,0,0,0,0,0,0,68,0,1,5.0,1,0,1,0,0,0,0,0,0,0,0,0,67,0,1,4.0,0,2,7,0,0,0,0,0,0,0,0,0
193,9,17,1,1,0,0.5,1,1,0,0,0,0,0,0,0,0,0,0,18,1,0,3.5,0,8,0,0,0,0,0,0,0,0,0,0,0,0,0,4.5,0,0,0,0,0,0,0,0,0,0,0,0,68,0,0,4.0,1,0,0,0,0,0,0,0,0,0,0,0,60,0,0,3.5,0,7,0,0,0,0,0,0,0,0,0,0
194,0,88,10,0,9,9.0,1,0,3,7,3,3,1,4,4,4,6,0,50,0,9,9.0,1,0,1,1,2,10,6,5,9,5,6,0,50,0,9,9.0,1,0,1,9,4,7,5,4,2,8,3,0,99,0,9,9.5,0,1,2,8,10,10,4,6,9,9,3,0,100,1,9,9.0,1,5,8,2,9,4,6,3,10,9,9,0
194,1,83,10,0,8,8.0,1,0,7,3,3,1,4,4,4,6,0,0,49,0,8,8.5,0,1,1,2,10,6,5,9,5,6,0,0,49,0,8,8.5,0,1,9,4,7,5,4,2,8,3,0,0,99,0,8,8.5,1,0,8,10,10,4,6,9,9,3,0,0,92,0,8,8.5,0,8,2,9,4,6,3,10,9,9,0,0
194,2,67,10,0,7,7.0,1,0,3,3,1,4,4,4,6,0,0,0,48,1,7,8.0,0,1,2,10,6,5,9,5,6,0,0,0,49,0,7,7.5,1,0,4,7,5,4,2,8,3,0,0,0,91,1,7,8.0,0,8,10,10,4,6,9,9,3,0,0,0,90,1,7,8.0,0,2,9,4,6,3,10,9,9,0,0,0
194,3,54,10,1,6,6.0,1,0,3,1,4,4,4,6,0,0,0,0,46,1,6,7.5,0,2,10,6,5,9,5,6,0,0,0,0,45,0,6,7.0,0,4,7,5,4,2,8,3,0,0,0,0,91,0,6,7.0,1,10,10,4,6,9,9,3,0,0,0,0,81,1,6,7.5,0,9,4,6,3,10,9,9,0,0,0,0
194,4,41,10,1,5,5.0,1,3,1,4,4,4,6,0,0,0,0,0,36,1,5,7.0,0,10,6,5,9,5,6,0,0,0,0,0,38,0,5,6.5,0,7,5,4,2,8,3,0,0,0,0,0,91,0,5,6.0,1,0,4,6,9,9,3,0,0,0,0,0,77,1,5,7.0,0,4,6,3,10,9,9,0,0,0,0,0
194,5,35,10,1,4,4.0,1,1,4,4,4,6,0,0,0,0,0,0,30,1,4,6.5,0,6,5,9,5,6,0,0,0,0,0,0,38,0,4,5.5,1,0,4,2,8,3,0,0,0,0,0,0,87,0,4,5.5,0,4,6,9,9,3,0,0,0,0,0,0,71,1,4,6.5,0,6,3,10,9,9,0,0,0,0,0,0
194,6,25,10,1,3,3.0,1,4,4,4,6,0,0,0,0,0,0,0,25,1,3,6.0,0,5,9,5,6,0,0,0,0,0,0,0,34,1,3,5.0,0,4,2,8,3,0,0,0,0,0,0,0,87,0,3,4.5,1,0,9,9,3,0,0,0,0,0,0,0,68,0,3,6.0,0,3,10,9,9,0,0,0,0,0,0,0
194,7,21,10,1,2,2.0,1,4,4,6,0,0,0,0,0,0,0,0,16,1,2,5.5,0,9,5,6,0,0,0,0,0,0,0,0,32,1,2,4.5,0,2,8,3,0,0,0,0,0,0,0,0,78,0,2,4.0,0,9,9,3,0,0,0,0,0,0,0,0,58,0,2,5.5,0,10,9,9,0,0,0,0,0,0,0,0
194,8,8,10,1,1,1.0,1,4,6,0,0,0,0,0,0,0,0,0,11,0,1,5.0,0,5,6,0,0,0,0,0,0,0,0,0,24,0,1,4.0,0,8,3,0,0,0,0,0,0,0,0,0,78,0,1,3.0,1,0,3,0,0,0,0,0,0,0,0,0,49,0,1,5.0,0,9,9,0,0,0,0,0,0,0,0,0
194,9,2,10,1,0,0.0,1,6,0,0,0,0,0,0,0,0,0,0,5,0,0,4.5,0,6,0,0,0,0,0,0,0,0,0,0,21,0,0,3.5,0,3,0,0,0,0,0,0,0,0,0,0,75,0,0,2.5,0,3,0,0,0,0,0,0,0,0,0,0,40,1,0,4.5,0,9,0,0,0,0,0,0,0,0,0,0
195,0,98,8,0,9,9.5,0,2,9,9,10,2,8,8,5,1,8,0,50,0,9,9.0,1,0,2,1,9,9,5,7,8,5,4,0,47,0,9,9.5,0,3,4,5,5,9,9,9,1,6,1,0,90,0,9,9.5,0,10,9,5,10,4,10,7,8,10,7,0,96,1,9,9.5,0,4,9,5,6,5,1,10,8,5,9,0
195,1,83,8,0,8,8.5,1,0,9,10,2,8,8,5,1,8,0,0,50,1,8,8.0,1,0,1,9,9,5,7,8,5,4,0,0,47,1,8,8.5,1,0,5,5,9,9,9,1,6,1,0,0,81,0,8,9.0,0,9,5,10,4,10,7,8,10,7,0,0,87,1,8,9.0,0,9,5,6,5,1,10,8,5,9,0,0
195,2,74,8,0,7,7.5,1,0,10,2,8,8,5,1,8,0,0,0,49,1,7,7.5,0,1,9,9,5,7,8,5,4,0,0,0,42,1,7,8.0,0,5,5,9,9,9,1,6,1,0,0,0,76,1,7,8.5,0,5,10,4,10,7,8,10,7,0,0,0,82,1,7,8.5,0,5,6,5,1,10,8,5,9,0,0,0
195,3,64,8,0,6,6.5,1,0,2,8,8,5,1,8,0,0,0,0,40,1,6,7.0,0,9,9,5,7,8,5,4,0,0,0,0,37,1,6,7.5,0,5,9,9,9,1,6,1,0,0,0,0,66,1,6,8.0,0,10,4,10,7,8,10,7,0,0,0,0,76,1,6,8.0,0,6,5,1,10,8,5,9,0,0,0,0
195,4,62,8,1,5,5.5,1,0,8,8,5,1,8,0,0,0,0,0,31,1,5,6.5,0,9,5,7,8,5,4,0,0,0,0,0,28,1,5,7.0,0,9,9,9,1,6,1,0,0,0,0,0,62,1,5,7.5,0,4,10,7,8,10,7,0,0,0,0,0,71,1,5,7.5,0,5,1,10,8,5,9,0,0,0,0,0
195,5,54,8,1,4,4.5,1,8,8,5,1,8,0,0,0,0,0,0,26,1,4,6.0,0,5,7,8,5,4,0,0,0,0,0,0,19,1,4,6.5,0,9,9,1,6,1,0,0,0,0,0,0,52,1,4,7.0,0,10,7,8,10,7,0,0,0,0,0,0,70,1,4,7.0,0,1,10,8,5,9,0,0,0,0,0,0
195,6,39,8,1,3,3.5,1,8,5,1,8,0,0,0,0,0,0,0,26,1,3,5.0,1,7,8,5,4,0,0,0,0,0,0,0,10,1,3,6.0,0,9,1,6,1,0,0,0,0,0,0,0,45,1,3,6.5,0,7,8,10,7,0,0,0,0,0,0,0,60,1,3,6.5,0,10,8,5,9,0,0,0,0,0,0,0
195,7,18,8,1,2,2.5,1,5,1,8,0,0,0,0,0,0,0,0,18,1,2,4.5,0,8,5,4,0,0,0,0,0,0,0,0,9,1,2,5.5,0,1,6,1,0,0,0,0,0,0,0,0,45,1,2,5.5,1,8,10,7,0,0,0,0,0,0,0,0,60,1,2,5.5,1,8,5,9,0,0,0,0,0,0,0,0
195,8,7,8,1,1,1.5,1,1,8,0,0,0,0,0,0,0,0,0,13,1,1,4.0,0,5,4,0,0,0,0,0,0,0,0,0,3,1,1,5.0,0,6,1,0,0,0,0,0,0,0,0,0,45,1,1,4.5,1,10,7,0,0,0,0,0,0,0,0,0,55,1,1,5.0,0,5,9,0,0,0,0,0,0,0,0,0
195,9,0,8,1,0,0.5,1,0,0,0,0,0,0,0,0,0,0,0,9,1,0,3.5,0,4,0,0,0,0,0,0,0,0,0,0,3,1,0,4.0,1,0,0,0,0,0,0,0,0,0,0,0,38,1,0,4.0,0,7,0,0,0,0,0,0,0,0,0,0,46,1,0,4.5,0,9,0,0,0,0,0,0,0,0,0,0
196,0,93,10,1,9,9.0,1,7,3,1,8,3,1,2,5,7,7,0,49,0,9,9.5,0,1,3,4,7,6,5,8,1,3,10,0,43,0,9,9.5,0,7,6,3,1,5,9,3,4,10,1,0,98,1,9,9.5,0,2,2,1,8,9,4,8,3,9,10,0,96,1,9,9.5,0,4,1,10,6,7,6,8,3,7,6,0
196,1,86,10,1,8,8.0,1,3,1,8,3,1,2,5,7,7,0,0,49,0,8,8.5,1,0,4,7,6,5,8,1,3,10,0,0,37,1,8,9.0,0,6,3,1,5,9,3,4,10,1,0,0,96,1,8,9.0,0,2,1,8,9,4,8,3,9,10,0,0,96,1,8,8.5,1,1,10,6,7,6,8,3,7,6,0,0
196,2,75,10,1,7,7.0,1,1,8,3,1,2,5,7,7,0,0,0,45,0,7,8.0,0,4,7,6,5,8,1,3,10,0,0,0,34,1,7,8.5,0,3,1,5,9,3,4,10,1,0,0,0,95,1,7,8.5,0,1,8,9,4,8,3,9,10,0,0,0,96,1,7,7.5,1,10,6,7,6,8,3,7,6,0,0,0
196,3,59,10,1,6,6.0,1,8,3,1,2,5,7,7,0,0,0,0,38,0,6,7.5,0,7,6,5,8,1,3,10,0,0,0,0,33,1,6,8.0,0,1,5,9,3,4,10,1,0,0,0,0,95,0,6,7.5,1,8,9,4,8,3,9,10,0,0,0,0,90,1,6,7.0,0,6,7,6,8,3,7,6,0,0,0,0
196,4,49,10,1,5,5.0,1,3,1,2,5,7,7,0,0,0,0,0,32,0,5,7.0,0,6,5,8,1,3,10,0,0,0,0,0,28,1,5,7.5,0,5,9,3,4,10,1,0,0,0,0,0,86,0,5,7.0,0,9,4,8,3,9,10,0,0,0,0,0,90,1,5,6.0,1,7,6,8,3,7,6,0,0,0,0,0
196,5,39,10,1,4,4.0,1,1,2,5,7,7,0,0,0,0,0,0,27,0,4,6.5,0,5,8,1,3,10,0,0,0,0,0,0,28,1,4,6.5,1,9,3,4,10,1,0,0,0,0,0,0,82,0,4,6.5,0,4,8,3,9,10,0,0,0,0,0,0,84,1,4,5.5,0,6,8,3,7,6,0,0,0,0,0,0
196,6,37,10,1,3,3.0,1,2,5,7,7,0,0,0,0,0,0,0,19,0,3,6.0,0,8,1,3,10,0,0,0,0,0,0,0,25,1,3,6.0,0,3,4,10,1,0,0,0,0,0,0,0,74,0,3,6.0,0,8,3,9,10,0,0,0,0,0,0,0,76,1,3,5.0,0,8,3,7,6,0,0,0,0,0,0,0
196,7,24,10,1,2,2.0,1,5,7,7,0,0,0,0,0,0,0,0,19,0,2,5.0,1,0,3,10,0,0,0,0,0,0,0,0,25,1,2,5.0,1,4,10,1,0,0,0,0,0,0,0,0,71,0,2,5.5,0,3,9,10,0,0,0,0,0,0,0,0,76,1,2,4.0,1,3,7,6,0,0,0,0,0,0,0,0
196,8,10,10,1,1,1.0,1,7,7,0,0,0,0,0,0,0,0,0,16,0,1,4.5,0,3,10,0,0,0,0,0,0,0,0,0,15,1,1,4.5,0,10,1,0,0,0,0,0,0,0,0,0,62,0,1,5.0,0,9,10,0,0,0,0,0,0,0,0,0,76,1,1,3.0,1,7,6,0,0,0,0,0,0,0,0,0
196,9,3,10,1,0,0.0,1,7,0,0,0,0,0,0,0,0,0,0,6,0,0,4.0,0,10,0,0,0,0,0,0,0,0,0,0,14,1,0,4.0,0,1,0,0,0,0,0,0,0,0,0,0,52,0,0,4.5,0,10,0,0,0,0,0,0,0,0,0,0,70,1,0,2.5,0,6,0,0,0,0,0,0,0,0,0,0
197,0,83,3,1,9,9.5,0,7,9,3,1,9,2,5,5,6,5,0,41,1,9,9.5,0,9,9,10,3,2,9,10,8,5,9,0,50,1,9,9.0,1,0,5,5,4,5,9,2,6,4,10,0,92,0,9,9.5,0,8,4,10,4,3,7,5,3,8,4,0,100,0,9,9.0,1,0,4,7,3,2,8,10,10,1,2,0
197,1,74,3,1,8,8.5,1,0,3,1,9,2,5,5,6,5,0,0,32,0,8,9.0,0,9,10,3,2,9,10,8,5,9,0,0,45,1,8,8.5,0,5,5,4,5,9,2,6,4,10,0,0,88,0,8,9.0,0,4,10,4,3,7,5,3,8,4,0,0,96,0,8,8.5,0,4,7,3,2,8,10,10,1,2,0,0
197,2,54,3,1,7,7.5,1,3,1,9,2,5,5,6,5,0,0,0,32,0,7,8.0,1,0,3,2,9,10,8,5,9,0,0,0,40,1,7,8.0,0,5,4,5,9,2,6,4,10,0,0,0,78,0,7,8.5,0,10,4,3,7,5,3,8,4,0,0,0,96,0,7,7.5,1,0,3,2,8,10,10,1,2,0,0,0
197,3,53,3,1,6,6.5,1,1,9,2,5,5,6,5,0,0,0,0,29,0,6,7.5,0,3,2,9,10,8,5,9,0,0,0,0,36,1,6,7.5,0,4,5,9,2,6,4,10,0,0,0,0,74,0,6,8.0,0,4,3,7,5,3,8,4,0,0,0,0,93,0,6,7.0,0,3,2,8,10,10,1,2,0,0,0,0
197,4,48,0,1,5,6.0,0,0,2,5,5,6,5,0,0,0,0,0,27,0,5,7.0,0,2,9,10,8,5,9,0,0,0,0,0,36,1,5,6.5,1,5,9,2,6,4,10,0,0,0,0,0,71,1,5,7.5,0,3,7,5,3,8,4,0,0,0,0,0,91,0,5,6.5,0,2,8,10,10,1,2,0,0,0,0,0
197,5,46,0,1,4,5.0,1,0,5,5,6,5,0,0,0,0,0,0,18,0,4,6.5,0,9,10,8,5,9,0,0,0,0,0,0,27,1,4,6.0,0,9,2,6,4,10,0,0,0,0,0,0,64,1,4,7.0,0,7,5,3,8,4,0,0,0,0,0,0,83,0,4,6.0,0,8,10,10,1,2,0,0,0,0,0,0
197,6,31,0,1,3,4.0,1,0,5,6,5,0,0,0,0,0,0,0,18,0,3,5.5,1,0,8,5,9,0,0,0,0,0,0,0,25,0,3,5.5,0,2,6,4,10,0,0,0,0,0,0,0,59,0,3,6.5,0,5,3,8,4,0,0,0,0,0,0,0,73,0,3,5.5,0,10,10,1,2,0,0,0,0,0,0,0
197,7,26,0,0,2,3.0,1,0,6,5,0,0,0,0,0,0,0,0,10,0,2,5.0,0,8,5,9,0,0,0,0,0,0,0,0,19,0,2,5.0,0,6,4,10,0,0,0,0,0,0,0,0,56,0,2,6.0,0,3,8,4,0,0,0,0,0,0,0,0,63,0,2,5.0,0,10,1,2,0,0,0,0,0,0,0,0
197,8,20,0,0,1,2.0,1,0,5,0,0,0,0,0,0,0,0,0,5,1,1,4.5,0,5,9,0,0,0,0,0,0,0,0,0,15,0,1,4.5,0,4,10,0,0,0,0,0,0,0,0,0,48,0,1,5.5,0,8,4,0,0,0,0,0,0,0,0,0,62,0,1,4.5,0,1,2,0,0,0,0,0,0,0,0,0
197,9,13,0,0,0,1.0,1,0,0,0,0,0,0,0,0,0,0,0,0,0,0,4.0,0,0,0,0,0,0,0,0,0,0,0,0,5,0,0,4.0,0,10,0,0,0,0,0,0,0,0,0,0,44,0,0,5.0,0,4,0,0,0,0,0,0,0,0,0,0,62,0,0,3.5,1,0,0,0,0,0,0,0,0,0,0,0
198,0,76,10,1,9,9.0,1,7,1,5,4,5,7,7,6,9,7,0,50,1,9,9.0,1,1,6,3,9,1,5,8,7,6,1,0,50,1,9,9.0,1,6,7,5,6,6,3,9,1,4,3,0,100,0,9,9.0,1,0,3,9,2,1,2,8,3,9,10,0,100,0,9,9.0,1,0,9,5,9,5,3,10,3,3,1,0
198,1,76,9,1,8,8.5,0,1,5,4,5,7,7,6,9,7,0,0,44,1,8,8.5,0,6,3,9,1,5,8,7,6,1,0,0,43,1,8,8.5,0,7,5,6,6,3,9,1,4,3,0,0,97,0,8,8.5,0,3,9,2,1,2,8,3,9,10,0,0,91,0,8,8.5,0,9,5,9,5,3,10,3,3,1,0,0
198,2,62,9,1,7,7.5,1,5,4,5,7,7,6,9,7,0,0,0,41,0,7,8.0,0,3,9,1,5,8,7,6,1,0,0,0,38,1,7,8.0,0,5,6,6,3,9,1,4,3,0,0,0,97,0,7,7.5,1,0,2,1,2,8,3,9,10,0,0,0,86,0,7,8.0,0,5,9,5,3,10,3,3,1,0,0,0
198,3,58,9,1,6,6.5,1,4,5,7,7,6,9,7,0,0,0,0,32,0,6,7.5,0,9,1,5,8,7,6,1,0,0,0,0,32,1,6,7.5,0,6,6,3,9,1,4,3,0,0,0,0,95,0,6,7.0,0,2,1,2,8,3,9,10,0,0,0,0,77,1,6,7.5,0,9,5,3,10,3,3,1,0,0,0,0
198,4,53,9,1,5,5.5,1,5,7,7,6,9,7,0,0,0,0,0,31,0,5,7.0,0,1,5,8,7,6,1,0,0,0,0,0,26,0,5,7.0,0,6,3,9,1,4,3,0,0,0,0,0,94,0,5,6.5,0,1,2,8,3,9,10,0,0,0,0,0,72,0,5,7.0,0,5,3,10,3,3,1,0,0,0,0,0
198,5,33,9,1,4,4.5,1,7,7,6,9,7,0,0,0,0,0,0,31,1,4,6.0,1,0,8,7,6,1,0,0,0,0,0,0,26,0,4,6.0,1,0,9,1,4,3,0,0,0,0,0,0,94,1,4,5.5,1,0,8,3,9,10,0,0,0,0,0,0,72,1,4,6.0,1,0,10,3,3,1,0,0,0,0,0,0
198,6,26,9,1,3,3.5,1,7,6,9,7,0,0,0,0,0,0,0,23,1,3,5.5,0,8,7,6,1,0,0,0,0,0,0,0,17,0,3,5.5,0,9,1,4,3,0,0,0,0,0,0,0,86,0,3,5.0,0,8,3,9,10,0,0,0,0,0,0,0,62,0,3,5.5,0,10,3,3,1,0,0,0,0,0,0,0
198,7,17,9,1,2,2.5,1,6,9,7,0,0,0,0,0,0,0,0,16,1,2,5.0,0,7,6,1,0,0,0,0,0,0,0,0,16,0,2,5.0,0,1,4,3,0,0,0,0,0,0,0,0,86,0,2,4.0,1,0,9,10,0,0,0,0,0,0,0,0,59,1,2,5.0,0,3,3,1,0,0,0,0,0,0,0,0
198,8,2,9,1,1,1.5,1,9,7,0,0,0,0,0,0,0,0,0,16,1,1,4.0,1,6,1,0,0,0,0,0,0,0,0,0,12,0,1,4.5,0,4,3,0,0,0,0,0,0,0,0,0,77,0,1,3.5,0,9,10,0,0,0,0,0,0,0,0,0,56,0,1,4.5,0,3,1,0,0,0,0,0,0,0,0,0
198,9,0,9,1,0,0.5,1,0,0,0,0,0,0,0,0,0,0,0,15,1,0,3.5,0,1,0,0,0,0,0,0,0,0,0,0,9,0,0,4.0,0,3,0,0,0,0,0,0,0,0,0,0,67,0,0,3.0,0,10,0,0,0,0,0,0,0,0,0,0,55,0,0,4.0,0,1,0,0,0,0,0,0,0,0,0,0
199,0,98,10,1,9,9.0,1,1,2,10,2,8,1,4,10,4,9,0,48,0,9,9.5,0,2,2,6,10,4,4,2,5,10,1,0,50,0,9,9.0,1,0,4,1,8,5,4,8,1,1,7,0,93,1,9,9.5,0,7,5,5,7,7,2,8,1,5,6,0,99,1,9,9.5,0,1,10,5,5,10,5,10,4,8,2,0
199,1,96,10,1,8,8.0,1,2,10,2,8,1,4,10,4,9,0,0,46,0,8,9.0,0,2,6,10,4,4,2,5,10,1,0,0,46,0,8,8.5,0,4,1,8,5,4,8,1,1,7,0,0,88,1,8,9.0,0,5,5,7,7,2,8,1,5,6,0,0,89,1,8,9.0,0,10,5,5,10,5,10,4,8,2,0,0
199,2,86,10,1,7,7.0,1,10,2,8,1,4,10,4,9,0,0,0,40,0,7,8.5,0,6,10,4,4,2,5,10,1,0,0,0,45,0,7,8.0,0,1,8,5,4,8,1,1,7,0,0,0,83,1,7,8.5,0,5,7,7,2,8,1,5,6,0,0,0,84,1,7,8.5,0,5,5,10,5,10,4,8,2,0,0,0
199,3,84,10,1,6,6.0,1,2,8,1,4,10,4,9,0,0,0,0,30,0,6,8.0,0,10,4,4,2,5,10,1,0,0,0,0,37,0,6,7.5,0,8,5,4,8,1,1,7,0,0,0,0,76,1,6,8.0,0,7,7,2,8,1,5,6,0,0,0,0,79,1,6,8.0,0,5,10,5,10,4,8,2,0,0,0,0
199,4,76,10,1,5,5.0,1,8,1,4,10,4,9,0,0,0,0,0,26,0,5,7.5,0,4,4,2,5,10,1,0,0,0,0,0,32,0,5,7.0,0,5,4,8,1,1,7,0,0,0,0,0,69,1,5,7.5,0,7,2,8,1,5,6,0,0,0,0,0,69,1,5,7.5,0,10,5,10,4,8,2,0,0,0,0,0
199,5,75,10,1,4,4.0,1,1,4,10,4,9,0,0,0,0,0,0,22,0,4,7.0,0,4,2,5,10,1,0,0,0,0,0,0,28,0,4,6.5,0,4,8,1,1,7,0,0,0,0,0,0,67,0,4,7.0,0,2,8,1,5,6,0,0,0,0,0,0,64,1,4,7.0,0,5,10,4,8,2,0,0,0,0,0,0
199,6,71,10,1,3,3.0,1,4,10,4,9,0,0,0,0,0,0,0,20,0,3,6.5,0,2,5,10,1,0,0,0,0,0,0,0,20,0,3,6.0,0,8,1,1,7,0,0,0,0,0,0,0,59,0,3,6.5,0,8,1,5,6,0,0,0,0,0,0,0,54,1,3,6.5,0,10,4,8,2,0,0,0,0,0,0,0
199,7,61,10,1,2,2.0,1,10,4,9,0,0,0,0,0,0,0,0,15,0,2,6.0,0,5,10,1,0,0,0,0,0,0,0,0,19,0,2,5.5,0,1,1,7,0,0,0,0,0,0,0,0,58,0,2,6.0,0,1,5,6,0,0,0,0,0,0,0,0,50,1,2,6.0,0,4,8,2,0,0,0,0,0,0,0,0
199,8,38,10,1,1,1.0,1,4,9,0,0,0,0,0,0,0,0,0,15,1,1,5.0,1,0,1,0,0,0,0,0,0,0,0,0,19,0,1,4.5,1,0,7,0,0,0,0,0,0,0,0,0,53,0,1,5.5,0,5,6,0,0,0,0,0,0,0,0,0,50,1,1,5.0,1,8,2,0,0,0,0,0,0,0,0,0
199,9,29,10,0,0,0.0,1,9,0,0,0,0,0,0,0,0,0,0,14,1,0,4.5,0,1,0,0,0,0,0,0,0,0,0,0,12,0,0,4.0,0,7,0,0,0,0,0,0,0,0,0,0,47,0,0,5.0,0,6,0,0,0,0,0,0,0,0,0,0,48,1,0,4.5,0,2,0,0,0,0,0,0,0,0,0,0
